230173545513422.937500
222658183767248.062500
215388204964842.343750
208355597144689.375000
201552609942620.500000
194971746050439.906250
188605752953431.562500
182447614937644.375000
176490545358146.375000
170727979159726.312500
165153565641801.312500
159761161459556.187500
154544823853601.406250
149498804100688.687500
144617541178266.156250
139895655635891.218750
135327943666746.984375
130909371372728.640625
126635069216779.843750
122500326656364.750000
118500586952161.953125
114631442146258.906250
110888628204312.593750
107268020316322.718750
103765628350838.625000
100377592457590.343750
97100178813697.406250
93929775508767.453125
90862888564350.046875
87896138083358.562500
85026254525216.750000
82250075102625.046875
79564540295975.281250
76966690481573.015625
74453662669950.921875
72022687350679.375000
69671085440196.398438
67396265329293.617188
65195720027004.359375
63067024397746.210938
61007832488673.156250
59015874944292.015625
57088956505493.812500
55224953590243.898438
53421811953264.609375
51677544422131.250000
49990228707286.476562
48358005283559.593750
46779075340856.039062
45251698801758.492188
43774192403855.218750
42344927844681.773438
40962329987232.085938
39624875124061.101562
38331089298065.906250
37079546678094.851562
35868867987594.296875
34697718984561.527344
33564808991128.371094
32468889471155.203125
31408752654267.753906
30383230204820.210938
29391191934317.855469
28431544555880.207031
27503230479371.933594
26605226645873.835938
25736543400209.304688
24896223400283.757812
24083340562035.058594
23296999038832.234375
22536332234197.636719
21800501846764.605469
21088696946418.078125
20400133080599.960938
19734051409794.410156
19089717871240.265625
18466422369948.941406
17863477996136.324219
17280220268206.111328
16716006400450.498047
16170214594660.921875
15642243354868.437500
15131510824458.330078
14637454144928.521484
14159528835585.056641
13697208193491.058594
13249982713007.890625
12817359524288.710938
12398861850105.769531
11994028480412.726562
11602413264062.986328
11223584617123.777344
10857125047244.271484
10502630693553.490234
10159710881580.871094
9827987692709.121094
9507095547684.767578
9196680803727.439453
8896401364793.898438
8605926304567.267578
8324935501755.945312
8053119287300.406250
7790178103098.890625
7535822171876.096680
7289771177830.863281
7051753957710.996094
6821508201974.794922
6598780165709.873047
6383324388990.735352
6174903426366.913086
5973287585183.567383
5778254672446.120117
5589589749949.957031
5407084897405.397461
5230538983296.814453
5059757443223.375977
4894552065477.192383
4734740783622.458008
4580147475847.141602
4430601770865.966797
4285938860160.793457
4145999316351.588867
4010628917497.662598
3879678477135.664062
3753003679866.993652
3630464922313.368164
3511927159265.389648
3397259754854.411133
3286336338583.863281
3179034666061.211914
3075236484277.162598
2974827401283.604492
2877696760126.693848
2783737516896.084473
2692846122756.028809
2604922409828.229980
2519869480800.661133
2437593602140.840820
2358004100795.730957
2281013264264.474609
2206536243933.862793
2134490961569.982422
2064798018862.957764
1997380609925.166260
1932164436646.434814
1869077626813.001465
1808050654899.924072
1749016265449.688965
1691909398952.592285
1636667120147.179688
1583228548661.736328
1531534791920.389648
1481528880239.879639
1433155704045.487793
1386361953136.924072
1341096057937.209229
1297308132659.845947
1254949920331.644775
1213974739610.556885
1174337433340.030029
1135994318782.975830
1098903139480.814087
1063023018684.201294
1028314414304.395630
994739075335.421265
962259999699.138794
930841393466.691528
900448631411.382935
871048218849.594971
842607754727.557617
815095895913.435547
788482322655.277222
762737705166.762329
737833671304.003174
713742775297.735962
690438467506.340088
667895065156.558960
646087724039.491211
624992411130.750732
604585878104.615112
584845635712.948120
565749929000.645996
547277713330.383057
529408631190.113708
512122989757.830750
495401739198.917542
479226451672.025635
463579301020.469299
448443043126.732300
433800996908.364014
419637025934.435608
405935520642.192627
392681381134.350830
379860000538.118835
367457248907.483704
355459457651.174866
343853404469.045166
332626298780.270752
321765767627.363525
311259842040.388794
301096943846.454651
291265872909.841064
281755794788.788086
272556228795.242615
263657036444.534271
255048410282.112885
246720863075.147339
238665217357.031525
230872595313.227295
223334408997.395660
216042350866.906891
208988384627.487946
202164736376.682526
195563886036.553284
189178559066.098114
183001718444.251587
177026556914.668091
171246489483.699524
165655146163.332336
160246364951.062073
155014185039.026276
149952840244.778931
145056752656.642090
140320526486.480652
135738942123.223694
131306950380.536377
127019666932.310135
122872366929.840683
118860479794.737030
114979584181.868393
111225403106.781754
107593799232.205933
104080770308.432297
100682444762.626999
97395077432.062500
94215045436.783997
91138844186.940384
88163083520.496689
85284483967.111877
82499873133.926117
79806182209.402069
77200442581.308014
74679782565.107727
72241424239.211411
69882680383.540787
67600951518.030365
65393723037.839851
63258562442.117897
61193116653.222771
59195109423.504044
57262338826.735878
55392674831.446709
53584056953.494438
51834491985.304962
50142051799.227783
48504871222.603882
46921145982.261482
45389130716.059700
43907137049.436691
42473531734.678520
41086734850.999847
39745218063.370529
38447502938.194885
37192159314.003517
35977803725.297173
34803097877.909409
33666747174.108948
32567499285.887691
31504142774.801910
30475505756.901741
29480454611.252502
28517892730.597351
27586759312.854309
26686028192.004318
25814706707.232845
24971834608.941772
24156483000.516560
23367753314.574974
22604776322.743813
21866711177.683746
21152744486.451401
20462089414.057629
19793984816.341225
19147694401.164391
18522505916.932053
17917730367.676331
17332701253.734329
16766773837.233583
16219324431.523888
15689749713.848593
15177466060.474880
14681908903.458466
14202532108.493685
13738807373.014236
13290223643.989830
12856286554.697533
12436517879.907766
12030455008.855404
11637650435.411695
11257671264.903568
10890098737.024939
10534527764.351711
10190566485.922314
9857835835.362450
9535969123.131195
9224611632.408909
8923420228.190823
8632062979.131996
8350218791.697626
8077577056.357310
7813837305.226585
7558708880.962709
7311910616.428968
7073170524.834686
6842225499.990622
6618821026.349313
6402710898.509348
6193656949.886946
5991428790.228756
5795803551.742026
5606565643.431786
5423506513.549100
5246424419.729264
5075124206.666387
4909417091.042927
4749120453.480781
4594057637.266967
4444057753.707993
4298955493.740287
4158590945.781343
4022809419.532735
3891461275.430587
3764401759.789548
3641490845.242499
3522593076.441900
3407577420.780979
3296317123.954420
3188689570.314812
3084576147.707110
2983862116.766389
2886436484.481180
2792191881.822786
2701024445.485705
2612833703.371022
2527522463.890643
2444996708.831642
2365165489.768002
2287940827.799741
2213237616.637635
2140973528.761099
2071068924.728185
2003446765.389679
1938032526.981699
1874754119.010003
1813541804.803095
1754328124.641413
1697047821.430691
1641637768.766857
1588036901.377956
1536186147.831065
1486028365.426601
1437508277.218429
1390572411.098752
1345169040.876075
1301248129.242737
1258761272.675476
1217661648.063517
1177903961.100122
1139444396.388856
1102240569.120276
1066251478.413769
1031437462.079265
997760152.940837
965182436.552239
933668410.273937
903183343.714801
873693640.477134
845166801.085215
817571387.229142
790876987.084373
765054181.765391
740074512.975146
715910451.588993
692535367.325389
669923499.415856
648049928.197658
626890547.658714
606422038.859786
586621844.255550
567468142.828583
548939826.019371
531016474.485157
513678335.603777
496906301.679039
480681888.911968
464987216.996743
449804989.449390
435118474.524309
420911486.785653
407168369.262217
393873976.198806
381013656.364274
368573236.891507
356539007.677572
344897706.276041
333636503.244697
322742988.062692
312205155.393571
302011391.914155
292150463.472672
282611502.717942
273383997.135901
264457777.443694
255823006.411422
247470167.982194
239390056.819911
231573768.158433
224012687.954378
216698483.443952
209623093.914198
202778721.861176
196157824.374190
189753104.816201
183557504.791956
177564196.361223
171766574.548484
166158250.010039
160733042.029684
155484971.696840
150408255.318157
145497298.038058
140746687.689753
136151188.802606
131705736.857951
127405432.691929
123245537.115374
119221465.652685
115328783.539172
111563200.814656
107920567.556367
104396869.365679
100988222.916887
97690871.667065
94501181.736689
91415637.890076
88430839.673343
85543497.655100
82750429.801998
80048557.991558
77434904.582111
74906589.183648
72460825.427465
70094917.939046
67806259.339788
65592327.379999
63450682.184111
61378963.520182
59374888.229231
57436247.696852
55560905.431414
53746794.685288
51991916.190859
50294335.975725
48652183.192970
47063648.092010
45526980.012107
44040485.441690
42602526.187314
41211517.519458
39865926.467366
38564270.109287
37305113.938534
36087070.279570
34908796.783113
33768994.916761
32666408.552731
31599822.565635
30568061.526703
29569988.355939
28604503.125528
27670541.800499
26767075.108859
25893107.377020
25047675.432472
24229847.560835
23438722.458173
22673428.265145
21933121.575181
21216986.531040
20524233.904720
19854100.238402
19205847.006005
18578759.789256
17972147.507671
17385341.627154
16817695.461085
16268583.426166
15737400.359205
15223560.872027
14726498.685210
14245665.995288
13780532.900869
13330586.792563
12895331.816314
12474288.276664
12066992.171065
11672994.627387
11291861.446118
10923172.581379
10566521.717084
10221515.811806
9887774.639689
9564930.403695
9252627.303501
8950521.167761
8658279.050404
8375578.882602
8102109.119623
7837568.374579
7581665.112442
7334117.304964
7094652.152258
6863005.739297
6638922.772587
6422156.309057
6212467.453523
6009625.112512
5813405.747042
5623593.105940
5439978.021160
5262358.121223
5090537.650992
4924327.268815
4763543.802696
4608010.055856
4457554.612227
4312011.667807
4171220.824231
4035026.923088
3903279.857222
3775834.450183
3652550.249742
3533291.374062
3417926.410316
3306328.211736
3198373.789067
3093944.172526
2992924.263089
2895202.742699
2800671.913269
