184484528756630.937500
178490420230201.000000
172691066989044.968750
167080141216278.187500
161651520692858.718750
156399282117483.875000
151317694643530.250000
146401213625986.375000
141644474571554.031250
137042287285317.843750
132589630207596.046875
128281644934793.187500
124113630918276.562500
120081040335492.093750
116179473127723.296875
112404672199079.078125
108752518771471.718750
105219027890516.843750
101800344077451.843750
98492737122328.140625
95292598013887.312500
92196435001680.406250
89200869786133.031250
86302633832399.640625
83498564803984.968750
80785603112240.734375
78160788577973.390625
75621257201519.796875
73164238037766.812500
70787050172704.906250
68487099798217.023438
66261877381910.773438
64108954928905.937500
62025983332589.593750
60010689811448.125000
58060875429179.429688
56174412695379.484375
54349243244185.226562
52583375588341.078125
50874882946238.085938
49221901139555.226562
47622626559208.632812
46075314197389.351562
44578275743542.398438
43129877742209.679688
41728539810726.531250
40372732914827.375000
39060977700278.812500
37791842878719.882812
36563943665948.132812
35375940270947.539062
34226536434009.582031
33114478012352.425781
32038551611694.925781
30997583262292.222656
29990437137988.562500
29016014316889.445312
28073251582300.902344
27161120262627.664062
26278625108964.250000
25424803209154.468750
24598722937134.273438
23799482936411.636719
23026211136574.382812
22278063801752.656250
21554224609998.019531
20853903762574.492188
20176337122189.726562
19520785379226.058594
18886533245061.542969
18272888671601.035156
17679182096165.445312
17104765710915.437500
16549012756012.441406
16011316835745.486328
15491091256878.009766
14987768388492.384766
14500799042633.949219
14029651875078.433594
13573812805569.306641
13132784456892.111328
12706085612173.970703
12293250689816.060547
11893829235486.011719
11507385430616.197266
11133497616871.312500
10771757836066.650391
10421771385034.857422
10083156384955.640625
9755543364678.375000
9438574857583.041016
9131905011539.638672
8835199211540.404297
8548133714593.166016
8270395296477.364258
8001680909977.463867
7741697354220.661133
7490160954758.187500
7246797254041.168945
7011340711953.250977
6783534416073.202148
6563129801351.525391
6349886378894.975586
6143571473563.234375
5943959970091.333984
5750834067460.853516
5563983041251.909180
5383203013716.502930
5208296731322.559570
5039073349525.704102
4875348224534.090820
4716942711839.056641
4563683971291.676758
4415404778512.659180
4271943342429.649414
4133143128743.095703
3998852689127.774902
3868925495983.802734
3743219782556.798340
3621598388252.653809
3503928608978.278320
3390082052344.865723
3279934497575.845215
3173365759966.487793
3070259559747.458496
2970503395209.068848
2873988419947.913086
2780609324101.900879
2690264219444.069824
2602854528209.786621
2518284875536.195312
2436462985396.315430
2357299579914.433105
2280708281952.774414
2206605520863.320312
2134910441301.816895
2065544815004.485840
1998432955431.297607
1933501635182.474609
1870680006098.318604
1809899521955.021729
1751093863672.186035
1694198866950.460693
1639152452260.303223
1585894557105.447998
1534367070487.290771
1484513769498.485107
1436280257976.806396
1389613907152.139160
1344463798221.898682
1300780666792.336670
1258516849124.887939
1217626230129.154297
1178064193045.549805
1139787570762.856934
1102754598717.583984
1066924869323.573730
1032259287882.278931
998720029925.620361
966270499944.759521
934875291459.832031
904500148387.092651
875111927661.231445
846678563072.187622
819169030276.880615
792553312947.837402
766802370021.567261
741888104011.240112
717783330348.744751
694461747722.972412
671897909381.833008
650067195366.635498
628945785648.642212
608510634138.497192
588739443540.048950
569610641021.197632
551103354675.280762
533197390747.208496
515873211599.569031
499111914394.606812
482895210468.917725
467205405378.203613
452025379590.426880
437338569806.290894
423128950886.587769
409381018366.812927
396079771539.832520
383210697088.255676
370759753248.590942
358713354489.944885
347058356690.493164
335782042795.620056
324872108942.034119
314316651032.725098
304104151748.079590
294223467979.082703
284663818668.781677
275414773048.813477
266466239258.134247
257808453331.542969
249431968545.984863
241327645112.990051
233486640206.049164
225900398311.949890
218560641895.663940
211459362368.545288
204588811349.938843
197941492212.721985
191510151903.579590
185287773028.997345
179267566198.424469
173442962616.184875
167807606914.143219
162355350217.161072
157080243433.908997
151976530765.718231
147038643426.220001
142261193565.164276
137638968389.553497
133166924475.878952
128840182267.084396
124654020748.395691
120603872296.074295
116685317693.568100
112894081309.626511
109226026433.035019
105677150758.938492
102243582021.860107
98921573770.543411
95707501280.120239
92597857597.080612
89589249712.761703
86678394861.146057
83862116936.946075
81137343030.083939
78501100072.764236
75950511595.503067
73482794588.495728
71095256465.068298
68785292123.680161
66550381105.444923
64388084844.021111
62296044004.795776
60271975910.579002
58313672050.921951
56418995672.346397
54585879446.876221
52812323216.333130
51096391809.915314
49436212932.684517
47829975122.664223
46275925774.283798
44772369226.088593
43317664910.582771
41910225564.124313
40548515495.041153
39231048907.996475
37956388282.823700
36723142805.971191
35529966852.979286
34375558520.246651
33258658204.448036
32178047228.208557
31132546510.320766
30121015279.243664
29142349828.394733
28195482311.847523
27279379579.154942
26393042048.125763
25535502614.082920
24705825594.674545
23903105708.909779
23126467089.386349
22375062326.614330
21648071544.380047
20944701505.169117
20264184744.652416
19605778734.243340
18968765070.975498
18352448693.590012
17756157124.121426
17179239734.176231
16621067035.025517
16081029990.696199
15558539353.500891
15053025021.069054
14563935414.283846
14090736875.449478
13632913086.006908
13189964503.165365
12761407814.836340
12346775412.286882
11945614879.901304
11557488501.565485
11181972783.050608
10818657989.925819
10467147700.471254
10127058373.185637
9798018928.242306
9479670342.607378
9171665258.329327
8873667603.471519
8585352225.476848
8306404536.342942
8036520169.393396
7775404647.165507
7522773060.073542
7278349755.612945
7041868037.474620
6813069874.666620
6591705619.890580
6377533737.151509
6170320538.251947
5969839927.778209
5775873156.399090
5588208582.204851
5406641439.767815
5230973616.711130
5061013437.565763
4896575454.594940
4737480245.468993
4583554217.508059
4434629418.220436
4290543352.105711
4151138803.315906
4016263664.124030
3885770768.936338
3759517733.760075
3637366800.798644
3519184688.181666
3404842444.489351
3294215308.080881
3187182570.974905
3083627447.123651
2983436944.981787
2886501744.236169
2792716076.500048
2701977609.926902
2614187337.542505
2529249469.235916
2447071327.196462
2367563244.827931
2290638468.927693
2216213064.965498
2144205825.562453
2074538181.840095
2007134117.724359
1941920086.986346
1878824932.993291
1817779811.078481
1758718113.398855
1701575396.278776
1646289309.901312
1592799530.264162
1541047693.350865
1490977331.453414
1442533811.572517
1395664275.793990
1350317583.618265
1306444256.154704
1263996422.139200
1222927765.686913
1183193475.786270
1144750197.382689
1107555984.050496
1071570252.280273
1036753737.158965
1003068449.525048
970477634.535318
938945731.543337
908438335.319847
878922158.503936
850364995.262395
822735686.170002
796004084.202182
770141021.864772
745118279.328164
720908553.668601
697485429.047000
674823347.919964
652897583.133835
631684210.963325
611160084.952923
591302810.734931
572090721.559551
553502854.628469
535518928.263795
518119319.761865
501285043.991623
484997732.661435
469239614.273615
453993494.764078
439242738.714143
424971251.215338
411163460.296560
397804299.940776
384879193.628964
372374038.472964
360275189.776944
348569446.203828
337244035.323291
326286599.689555
315685183.401918
305428218.968673
295504514.775775
285903242.833233
276613926.936467
267626431.304501
258930949.443598
250517993.503956
242378383.908684
234503239.324815
226883966.997775
219512253.332791
212380054.887456
205479589.543662
198803328.024765
192343985.706363
186094514.643524
180048095.875013
174198132.009480
168538240.006275
163062244.228722
157764169.666563
152638235.465226
147678848.597643
142880597.757123
138238247.450121
133746732.285831
129401151.469496
125196763.428514
121128980.660229
117193364.697807
113385621.298280
109701595.728818
106137268.274480
102688749.806829
99352277.548442
96124211.007030
93001027.951953
89979320.609455
87055791.918350
84227251.937316
81490614.394365
78842893.255032
76281199.531747
73802738.092391
71404804.642243
69084782.736290
66840140.924729
64668430.047358
62567280.483352
60534399.611040
58567569.312676
56664643.518798
54823545.924657
53042267.649407
51318865.094174
49651457.806400
48038226.448856
46477410.783278
44967307.761831
43506269.677162
42092702.352405
40725063.407282
39401860.581884
38121650.088478
36883035.064473
35684664.032423
34525229.418946
33403466.127279
32318150.170737
31268097.349828
30252161.916241
29269235.366269
28318245.195512
27398153.764679
26507957.117289
25646683.961008
24813394.539532
24007179.619964
23227159.521576
22472483.152722
21742327.067589
21035894.547865
20352414.820705
19691142.116614
19051354.901542
18432355.087010
17833467.270399
17254037.987370
16693435.004972
16151046.645664
15626281.087562
15118565.755067
14627346.662513
14152087.826944
13692270.679802
13247393.492826
12816970.866500
12400533.166355
11997625.981787
11607809.703458
11230658.987293
10865762.329459
10512721.567951
10171151.497718
9840679.422875
9520944.751108
9211598.616567
8912303.482173
8622732.775880
8342570.552083
8071511.110605
7809258.697409
7555527.154724
7310039.632468
7072528.270865
6842733.924342
6620405.855620
6405301.471357
6197186.064146
5995832.554730
5801021.243840
5612539.585752
5430181.894122
5253749.215030
5083049.029100
4917895.094086
4758107.175232
4603510.956333
4453937.741031
4309224.327597
4169212.819866
4033750.434912
3902689.367872
3775886.623601
3653203.847489
3534507.177936
3419667.090851
3308558.284321
3201059.530423
3097053.533863
2996426.809075
2899069.561396
2804875.539875
2713742.008392
2625569.493989
2540261.803452
2457725.862031
