237942572591903.375000
203997404485513.812500
174894894106236.156250
149944182189845.812500
128552968269758.062500
110213450162686.984375
94490269343867.421875
81010176049269.046875
69453168766520.101562
59544897776509.023438
51050152414702.507812
43767277447447.281250
37523386014615.296875
32170255499498.710938
27580808898747.183594
23646098164220.839844
20272717904853.265625
17380588052857.732422
14901052857388.330078
12775251078007.824219
10952718688278.316406
9390190919305.832031
8050575205166.185547
6902070649147.958008
5917413107980.067383
5073227973233.934570
4349475285694.377930
3728974010368.983398
3196994178985.762695
2740907217923.329590
2349886160771.025879
2014648628918.919189
1727236478839.944824
1480826885150.837891
1269570374786.373291
1088451967409.432739
933172125693.960815
800044689380.969116
685909370182.598022
588056730266.278809
504163863397.022095
432239251883.579590
370575490297.998230
317708753684.841064
272384048083.711792
233525418453.118774
200210406767.060669
171648153949.829315
147160625814.327240
126166517330.530792
108167453129.743805
92736156661.320923
79506307151.329727
68163843579.682533
58439509241.852318
50102459912.436424
42954783875.546364
36826803734.165901
31573048468.940414
27068800127.695080
23207133168.458134
19896376173.227440
17057935676.637939
14624430449.793968
12538091949.414042
10749392960.748764
9215871879.931831
7901124725.593388
6773940951.285369
5807562543.971358
4979048820.268676
4268731841.791006
3659749521.419278
3137645337.299580
2690025152.012643
2306262990.410509
1977248791.511741
1695172146.359571
1453336888.185458
1246002133.212738
1068245998.968567
915848764.562351
785192699.375506
673176182.604073
577140074.257427
494804590.420981
424215183.834209
363696145.253142
311810824.133810
267327524.114268
229190264.152678
196493710.695111
168461686.124217
144428743.248660
123824368.356096
106159437.892881
91014607.249411
78030356.000857
66898453.366474
57354641.075848
49172360.315342
42157373.383427
36143152.769014
30986927.966607
26566296.267093
22776317.087300
19527020.833252
16741273.006158
14352943.254736
12305335.447877
10549841.780405
9044788.911981
7754448.645892
6648189.848450
5699751.237115
4886618.009251
4189487.309475
3591810.103842
3079398.230477
2640087.652572
2263449.623107
1940543.222873
1663703.034118
1426357.198432
1222871.397731
1048415.126655
898846.983449
770616.425791
660679.388037
566426.085991
485619.068362
416340.071449
356944.514010
306022.394968
262364.876288
224935.598246
192846.027288
165334.383565
141747.588530
121525.707395
104188.701201
89325.029727
76581.818561
65656.572480
56289.925761
48259.522009
41374.762755
35472.191731
30411.679356
26073.113612
22353.489632
19164.504078
16430.481966
14086.497380
12076.902412
10354.000186
8876.888693
7610.492347
6524.757492
5593.933783
4795.900983
4111.710788
3525.133164
3022.227178
2591.075175
2221.430526
1904.524276
1632.824112
1399.886588
1200.170852
1028.959307
882.165093
756.326434
648.421848
555.903932
476.603625
408.612366
350.323295
300.336946
257.485424
220.743869
189.251087
162.248840
139.114838
119.258803
102.243655
87.670213
75.154378
64.428913
55.243347
47.364954
40.618534
34.829185
29.859438
25.601716
21.943470
18.812336
16.127223
13.829930
11.835192
10.151875
8.716460
7.461191
6.396786
5.478225
4.692136
4.020038
3.450054
2.962972
2.548407
2.196061
1.889180
1.603466
1.373146
1.164346
1.017329
0.867306
0.756290
0.670938
0.591477
0.513002
0.443806
0.392691
0.363437
0.336574
0.336115
0.327472
0.333119
0.326109
0.332885
0.326106
0.332889
0.326104
0.332886
0.326108
0.332885
0.326106
0.332889
0.326104
0.332886
0.326108
0.332885
0.326106
0.332889
0.326104
0.332886
0.326108
0.332885
0.326106
0.332889
0.326104
0.332886
0.326108
0.332885
0.326106
0.332889
0.326104
0.332886
0.326108
0.332885
0.326106
0.332889
0.326104
0.332886
0.326108
0.332885
0.326106
0.332889
0.326104
0.332886
0.326108
0.332885
0.326106
0.332889
0.326104
0.332886
0.326108
0.332885
0.326106
0.332889
0.326104
0.332886
0.326108
0.332885
0.326106
0.332889
0.326104
0.332886
0.326108
0.332885
0.326106
0.332889
0.326104
0.332886
0.326108
0.332885
0.326106
0.332889
0.326104
0.332886
0.326108
0.332885
0.326106
0.332889
0.326104
0.332886
0.326108
0.332885
0.326106
0.332889
0.326104
0.332886
0.326108
0.332885
0.326106
0.332889
0.326104
0.332886
0.326108
0.332885
0.326106
0.332889
0.326104
0.332886
0.326108
0.332885
0.326106
0.332889
0.326104
0.332886
0.326108
0.332885
0.326106
0.332889
0.326104
0.332886
0.326108
0.332885
0.326106
0.332889
0.326104
0.332886
0.326108
0.332885
0.326106
0.332889
0.326104
0.332886
0.326108
0.332885
0.326106
0.332889
0.326104
0.332886
0.326108
0.332885
0.326106
0.332889
0.326104
0.332886
0.326108
0.332885
0.326106
0.332889
0.326104
0.332886
0.326108
0.332885
0.326106
0.332889
0.326104
0.332886
0.326108
0.332885
0.326106
0.332889
0.326104
0.332886
0.326108
0.332885
0.326106
0.332889
0.326104
0.332886
0.326108
0.332885
0.326106
0.332889
0.326104
0.332886
0.326108
0.332885
0.326106
0.332889
0.326104
0.332886
0.326108
0.332885
0.326106
0.332889
0.326104
0.332886
0.326108
0.332885
0.326106
0.332889
0.326104
0.332886
0.326108
0.332885
0.326106
0.332889
0.326104
0.332886
0.326108
0.332885
0.326106
0.332889
0.326104
0.332886
0.326108
0.332885
0.326106
0.332889
0.326104
0.332886
0.326108
0.332885
0.326106
0.332889
0.326104
0.332886
0.326108
0.332885
0.326106
0.332889
0.326104
0.332886
0.326108
0.332885
0.326106
0.332889
0.326104
0.332886
0.326108
0.332885
0.326106
0.332889
0.326104
0.332886
0.326108
0.332885
0.326106
0.332889
0.326104
0.332886
0.326108
0.332885
0.326106
0.332889
0.326104
0.332886
0.326108
0.332885
0.326106
0.332889
0.326104
0.332886
0.326108
0.332885
0.326106
0.332889
0.326104
0.332886
0.326108
0.332885
0.326106
0.332889
0.326104
0.332886
0.326108
0.332885
0.326106
0.332889
0.326104
0.332886
0.326108
0.332885
0.326106
0.332889
0.326104
0.332886
0.326108
0.332885
0.326106
0.332889
0.326104
0.332886
0.326108
0.332885
0.326106
0.332889
0.326104
0.332886
0.326108
0.332885
0.326106
0.332889
0.326104
0.332886
0.326108
0.332885
0.326106
0.332889
0.326104
0.332886
0.326108
0.332885
0.326106
0.332889
0.326104
0.332886
0.326108
0.332885
0.326106
0.332889
0.326104
0.332886
0.326108
0.332885
0.326106
0.332889
0.326104
0.332886
0.326108
0.332885
0.326106
0.332889
0.326104
0.332886
0.326108
0.332885
0.326106
0.332889
0.326104
0.332886
0.326108
0.332885
0.326106
0.332889
