195654842727835.625000
189292617960789.375000
183137277436535.593750
177182093777233.406250
171420558363184.343750
165846374219343.687500
160453449133145.406250
155235888996119.187500
150187991362021.718750
145304239214442.343750
140579294937070.687500
136007994480037.437500
131585341715950.890625
127306502979462.203125
123166801784390.546875
119161713712634.687500
115286861469284.953125
111538010098530.906250
107911062355136.437500
104402054226423.031250
101007150599867.640625
97722641071579.765625
94544935891076.609375
91470562037924.703125
88496159425959.468750
85618477230934.468750
82834370337586.734375
80140795902234.921875
77534810027153.625000
75013564543088.734375
72574303896398.078125
70214362137414.398438
67931160006739.742188
65722202116286.398438
63585074221983.750000
61517440585170.000000
59517041419785.164062
57581690422575.218750
55709272383607.992188
53897740874489.398438
52145116011753.343750
50449482292980.710938
48808986503282.585938
47221835689859.710938
45686295202424.234375
44200686797342.335938
42763386803425.562500
41372824347366.179688
40027479636877.109375
38725882299660.015625
37466609776386.250000
36248285765934.000000
35069578721182.765625
33929200393720.886719
32825904425875.695312
31758484988527.484375
30725775463218.464844
29726647167116.343750
28760008119439.125000
27824801847992.640625
26920006234516.796875
26044632397578.210938
25197723611788.609375
24378354262167.605469
23585628832507.062500
22818680926631.449219
22076672321484.437500
21358792051006.828125
20664255519804.613281
19992303645638.363281
19342202029796.824219
18713240154447.964844
18104730606090.265625
17516008324255.429688
16946429874641.568359
16395372745882.257812
15862234669183.033203
15346432960081.677734
14847403881612.794922
14364602028180.835938
13897499729468.082031
13445586473726.009766
13008368349819.937500
12585367507417.019531
12176121634727.576172
11780183453229.089844
11397120228820.488281
11026513298872.568359
10667957614657.593750
10321061298657.958984
9985445216270.128906
9660742561435.708984
9346598455746.880859
9042669560587.828125
8748623701888.507812
8464139507080.465820
8188906053857.991211
7922622530360.743164
7664997906406.326172
7415750615413.725586
7174608246669.737305
6941307247602.143555
6715592635734.323242
6497217720006.344727
6285943831158.025391
6081540060879.328125
5883783009442.925781
5692456541543.141602
5507351550074.480469
5328265727591.391602
5155003345199.750977
4987375038638.192383
4825197601315.520508
4668293784078.103516
4516492101488.395508
4369626644402.674316
4227536898643.427734
4090067569568.017578
3957068412341.959473
3828394067731.338867
3703903903234.800293
3583461859381.584961
3466936301027.591309
3354199873486.914062
3245129363341.618164
3139605563777.714355
3037513144299.967285
2938740524683.412109
2843179753023.537598
2750726387752.058594
2661279383489.213379
2574740980607.880859
2491016598388.842285
2410014731650.292480
2331646850738.807129
2255827304772.292480
2182473228029.272217
2111504449382.186768
2042843404675.641113
1976415051953.996338
1912146789445.437744
1849968376213.106201
1789811855386.443115
1731611479888.808105
1675303640580.299316
1620826796737.234619
1568121408792.201904
1517129873261.282227
1467796459787.249512
1420067250230.035645
1373890079737.751709
1329214479733.995361
1285991622759.053467
1244174269104.729248
1203716715184.481201
1164574743582.440674
1126705574726.734131
1090067820134.237061
1054621437175.717163
1020327685311.931763
987149083752.729980
955049370493.115845
923993462681.242798
893947418275.190674
864878398946.598511
836754634190.541382
809545386602.463257
783220918284.266602
757752458342.750488
733112171444.947876
709273127395.936401
686209271705.973389
663895397114.593750
642307116040.829834
621420833929.173218
601213723462.288696
581663699612.270630
562749395503.210327
544450139058.580933
526745930408.049744
509617420028.961121
493045887598.570618
477013221534.003052
461501899197.488281
446494967745.258911
431976025599.254639
417929204521.270691
404339152270.042236
391191015822.238403
378470425139.120850
366163477461.037781
354256722112.632751
342737145802.151306
331592158398.781311
320809579172.476685
310377623481.214478
300284889891.193237
290520347715.797607
281073324959.807434
271933496655.619171
263090873578.721191
254535791330.164764
246258899773.981964
238251152818.149750
230503798527.790558
223008369559.888184
215756673909.065430
208740785954.230042
201953037796.429352
195386010878.341370
189032527876.262054
182885644855.813232
176938643682.645233
171185024679.961823
165618499524.839081
160232984375.471161
155022593221.958313
149981631453.277191
145104589633.452820
140386137480.124512
135821118038.877365
131404542047.057892
127131582480.822617
122997569279.536575
118997984241.693710
115128456086.825653
111384755678.012878
107762791399.659805
104258604685.700317
100868365693.093826
97588369116.076248
94415030136.522049
91344880505.974609
88374564755.057068
85500836526.187866
82720555025.528564
80030681590.300568
77428276367.726669
74910495101.964111
72474586025.526596
70117886851.793182
67837821865.302826
65631899106.646545
63497707648.963745
61432914962.907402
59435264367.401917
57502572563.188049
55632727246.660553
53823684801.235977
52073468063.836884
50380164163.956871
48741922433.041588
47156952381.836739
45623521743.479744
44139954580.253441
42704629451.918472
41315977643.566429
39972481451.114113
38672672522.587250
37415130253.255623
36198480233.038498
35021392744.394318
33882581308.973373
32780801281.605270
31714848490.001564
30683557918.644348
29685802435.524937
28720491560.253292
27786570272.234085
26883017857.624130
26008846793.713707
25163101669.658688
24344858142.296272
23553221925.863979
22787327814.617535
22046338737.239532
21329444841.939678
20635862611.367805
19964834006.282188
19315625637.031311
18687527962.034084
18079854512.311703
17491941141.198292
16923145298.482414
16372845328.122963
15840439788.847189
15325346796.814676
14827003389.644541
14344864911.126562
13878404415.975821
13427112093.886997
12990494712.364866
12568075077.641581
12159391513.160467
11763997354.969303
11381460463.538103
11011362751.484562
10653299726.615858
10306880049.879251
9971725107.578728
9647468597.678185
9333756129.351379
9030244835.751251
8736602999.212612
8452509688.733957
8177654409.224072
7911736762.139468
7654466117.177791
7405561294.626778
7164750258.079535
6931769817.086196
6706365339.515973
6488290473.259585
6277306877.001284
6073183959.690302
5875698628.562584
5684635045.282839
5499784390.059903
5320944633.415793
5147920315.391689
4980522331.918660
4818567728.130270
4661879498.418750
4510286392.967942
4363622730.593620
4221728217.670396
4084447772.923173
3951631357.966982
3823133813.287257
3698814699.613404
3578538144.417039
3462172693.428290
3349591166.944571
3240670520.840794
3135291712.101084
3033339568.697864
2934702663.711254
2839273193.582428
2746946860.230158
2657622757.109518
2571203258.928992
2487593914.903563
2406703345.600839
2328443142.999914
2252727773.895789
2179474486.434217
2108603219.644575
2040036515.948901
1973699436.493402
1909519479.259931
1847426499.830612
1787352634.707434
1729232227.158357
1673001755.421227
1618599763.337528
1565966793.157628
1515045320.544706
1465779691.704679
1418116062.590701
1372002340.023491
1327388124.773838
1284224656.468152
1242464760.306173
1202062795.497469
1162974605.387916
1125157469.180196
1088570055.251129
1053172376.001099
1018925744.113494
985792730.309295
953737122.397137
922723885.733686
892719124.921716
863690046.734967
835604924.331036
808433062.548900
782144764.324697
756711298.323657
732104867.442221
708298578.498668
685266412.795194
662983197.698490
641424579.152954
620566995.011368
600387649.337135
580864487.437831
561976171.787677
543702058.716417
526022175.843708
508917200.221036
492368437.251943
476357800.249982
460867790.637027
445881478.866755
431382485.898548
417354965.295511
403783585.915438
390653515.143728
377950402.683562
365660364.884182
353769969.545609
342266221.259922
331136547.190058
320368783.347647
309951161.279389
299872295.217862
290121169.627468
280687127.186127
271559857.102431
262729383.878611
254186056.395427
245920537.378012
237923793.154926
230187083.814016
222701953.642608
215460221.890531
208453973.841505
201675552.126479
195117548.375167
188772795.123688
182634357.976965
176695528.054551
170949814.588645
165390937.892794
160012822.502367
154809590.481694
149775555.051171
144905214.347364
140193245.394822
135634498.336471
131223990.766176
126956902.291953
122828569.266385
118834479.702185
114970268.327403
111231711.797737
107614724.140145
104115352.215492
100729771.452206
97454281.629830
94285302.856252
91219371.646011
88253137.139246
85383357.441173
82606896.073693
79920718.550542
77321889.057715
74807567.248382
72375005.139835
70021544.096891
67744611.936749
65541720.135948
63410461.084286
61348505.439704
59353599.639185
57423563.379896
55556287.246671
53749730.445911
52001918.529485
50310941.251919
48674950.483658
47092158.197997
45560834.501708
44079305.776117
42645952.801097
41259209.018345
39917558.808007
38619535.826938
37363721.429499
36148743.101990
34973272.946920
33836026.246990
32735760.078106
31671271.920033
30641398.355212
29645013.794546
28681029.266400
27748391.206510
26846080.279566
25973110.336487
25128527.278005
24311408.023968
23520859.521069
22756017.756019
22016046.804503
21300137.931510
20607508.699652
19937402.101777
19289085.747618
18661851.087624
18055012.588443
17467907.016120
16899892.703950
16350348.855620
15818674.847487
15304289.601010
14806630.924057
14325154.909829
13859335.339022
13408663.100707
12972645.637362
12550806.413906
12142684.384725
11747833.502643
11365822.226366
10996233.031304
10638661.987906
10292718.295794
9958023.854825
9634212.882582
9320931.462275
9017837.199172
8724598.826062
8440895.857728
8166418.233410
7900865.961806
7643948.808815
7395385.985954
7154905.827172
6922245.497687
6697150.727525
6479375.499786
6268681.795188
6064839.344051
5867625.362142
5676824.301161
5492227.638121
5313633.610067
5140847.028134
4973679.045462
4811946.974399
4655474.029071
4504089.206356
4357627.051382
4215927.502886
4078835.685522
3946201.757360
3817880.771542
3693732.468785
3573621.175631
3457415.609062
3344988.770200
3236217.785600
3130983.762829
3029171.699838
2930670.326091
2835371.976501
2743172.507525
2653971.133349
2567670.370568
