193317608457858.750000
187022829413919.843750
180933020023434.125000
175041506095211.843750
169341830762078.187500
163827747404401.281250
158493212804043.062500
153332380521230.468750
148339594487087.531250
143509382804806.843750
138836451752666.125000
134315679982317.906250
129942112905993.312500
125710957266469.140625
121617575883846.812500
117657482573385.796875
113826337228821.843750
110119941065781.671875
106534232020080.437500
103065280295859.640625
99709284058685.546875
96462565268888.453125
93321565650576.109375
90282842791903.500000
87343066372325.093750
84499014512694.671875
81747570244212.781250
79085718092351.671875
76510540772013.984375
74019215990303.296875
71609013353402.171875
69277291374168.195312
67021494577168.046875
64839150697977.195312
62727867973675.343750
60685332521568.648438
58709305803265.296875
56797622171325.703125
54948186495798.187500
53158971868039.125000
51428017379300.890625
49753425971653.101562
48133362358881.898438
46566051015088.515625
45049774228782.890625
43582870220339.507812
42163731320752.382812
40790802209693.148438
39462578210941.335938
38177603643318.414062
36934470225318.601562
35731815531687.812500
34568321500259.261719
33442712987409.230469
32353756370549.898438
31300258196127.574219
30281063871644.652344
29295056400271.667969
28341155156662.828125
27418314702633.140625
26525523641399.417969
25661803509129.175781
24826207702582.886719
24017820441674.054688
23235755765810.375000
22479156562915.773438
21747193630069.378906
21039064764731.777344
20353993885562.597656
19691230181865.996094
19050047290731.644531
18429742500969.648438
17829635982966.750000
17249070043619.832031
16687408405530.191406
16144035509668.613281
15618355840746.882812
15109793274556.503906
14617790446559.269531
14141808141037.679688
13681324700135.736328
13235835452142.521484
12804852158391.843750
12387902478171.945312
11984529451058.611328
11594290996104.638672
11216759427336.457031
10851520985027.181641
10498175382232.275391
10156335366090.777344
9825626293411.451172
9505685720078.605469
9196163003827.621094
8896718919954.832031
8607025289540.640625
8326764619778.302734
8055629756014.368164
7793323545119.223633
7539558509819.046875
7294056533631.987305
7056548556063.453125
6826774277726.416016
6604481875063.561523
6389427724358.575195
6181376134734.123047
5980099089843.972656
5785375997976.048828
5596993450292.578125
5414744986942.452148
5238430870789.349609
5067857868507.695312
4902839038806.540039
4743193527549.289062
4588746369544.680664
4439328296791.846680
4294775552969.228516
4154929713964.113281
4019637514246.035645
3888750678893.825195
3762125761092.094238
3639623984919.187500
3521111093254.269043
3406457200636.774902
3295536650917.082520
3188227879542.291016
3084413280326.306152
2983979076558.069336
2886815196306.767090
2792815151787.299316
2701875922653.919434
2613897843093.969238
2528784492598.056641
2446442590287.006836
2366781892679.651367
2289715094789.573730
2215157734442.267090
2143028099707.913086
2073247139348.295410
2005738376179.830566
1940427823257.524658
1877243902788.218750
1816117367684.152588
1756981225670.871826
1699770665866.338135
1644422987750.769531
1590877532449.311279
1539075616252.330322
1488960466300.362061
1440477158363.295654
1393572556645.578857
1348195255551.489990
1304295523346.624023
1261825247653.886475
1220737882724.188477
1180988398424.165283
1142533230884.903564
1105330234757.695801
1069338637024.372559
1034518992311.661255
1000833139660.625000
968244160703.809326
936716339204.077759
906215121911.066406
876707080692.208984
848159875896.762451
820542220912.843506
793823847878.581177
767975474509.671021
742968772007.158813
718776334010.235352
695371646559.878784
672729059040.651245
650823756068.618652
629631730294.663208
609129756093.372681
589295364108.684326
570106816628.334106
551543083760.201416
533583820384.350342
516209343855.636108
499400612432.203308
483139204406.595276
467407297916.206238
452187651411.279419
437463584758.797119
423218960961.755432
409438168473.624817
396106104088.720154
383208156389.667419
370730189733.911377
358658528761.541809
346979943407.683533
335681634402.862793
324751219245.491333
314176718631.159119
303946543323.753601
294049481454.141907
284474686232.416016
275211664060.190063
266250263030.081085
257580661799.569885
249193358827.263123
241079161959.487396
233229178356.133453
225634804744.425049
218287717990.048737
211179865975.359863
204303458774.549591
197650960116.216858
191215079123.902496
184988762325.573334
178965185923.297760
173137748314.635712
167500062857.532501
162045950870.811554
156769434862.608551
151664731979.223083
146726247667.404999
141948569542.884796
137326461458.667145
132854857766.364670
128528857764.484467
124343720327.440918
120294858709.470673
116377835517.748566
112588357849.154251
108922272585.454483
105375561841.625504
101944338562.409485
98624842262.256317
95413434903.985275
92306596911.656509
89300923313.206787
86393120008.780411
83580000160.514282
80858480699.872742
78225578948.737366
75678409350.500565
73214180307.639374
70830191122.196091
68523829035.928413
66292566366.859024
64133957738.999550
62045637402.328125
60025316640.011292
58070781260.095848
56179889168.789658
54350568022.874290
52580812958.413849
50868684393.590591
49212305902.943802
47609862160.890556
46059596952.218994
44559811247.333023
43108861340.180809
41705157046.836487
40347159962.677063
39033381776.400993
37762382638.862358
36532769585.085976
35343195007.602966
34192355179.533051
33078988825.767994
32001875740.644684
30959835450.648342
29951725920.669601
28976442302.383537
28032915723.363930
27120112115.653774
26237031082.442448
25382704801.714687
24556196965.516296
23756601753.830490
22983042841.804054
22234672439.334564
21510670361.941208
20810243131.879074
20132623108.486568
19477067646.918491
18842858284.200832
18229299951.874825
17635720214.165329
17061468531.077547
16505915545.372747
15968452392.878445
15448490035.139141
14945458613.897064
14458806826.542297
13988001321.867702
13532526115.604712
13091882024.864754
12665586121.070330
12253171200.723351
11854185273.313753
11468191065.983255
11094765544.277287
10733499448.542692
10383996845.367630
10045874693.661514
9718762424.880226
9402301536.843586
9096145200.894745
8799957881.751534
8513414969.782570
8236202425.251857
7968016434.117184
7708563075.099983
7457557997.545960
7214726109.776438
6979801277.602946
6752526032.665107
6532651290.244029
6319936076.303003
6114147263.320310
5915059314.881152
5722454038.446054
5536120346.193445
5355854023.755548
5181457506.336779
5012739662.230919
4849515583.311136
4691606382.438334
4538838997.335562
4391046000.975428
4248065418.044856
4109740547.464371
3975919790.619575
3846456485.243173
3721208744.646101
3600039302.242113
3482815361.091277
3369408448.374387
3259694274.582600
3153552597.309448
3050867089.445940
2951525211.733154
2855418089.371609
2762440392.752196
2672490221.973118
2585468995.203977
2501281340.598414
2419834991.810776
2341040686.843996
2264812070.248521
2191065598.461073
2119720448.254871
2050698428.160623
1983923892.752134
1919323659.778129
1856826929.927743
1796365209.239786
1737872234.054935
1681283898.372097
1626538183.620788
1573575090.625900
1522336573.950443
1472766478.190800
1424810476.467929
1378416010.897954
1333532234.975065
1290109957.857238
1248101590.428723
1207461093.173328
1168143925.708417
1130106997.964874
1093308622.975075
1057708471.165466
1023267526.175549
989948042.078466
957713502.039436
926528578.271079
896359093.322939
867171982.633409
838935258.279570
811617973.912748
785190190.872046
759622945.351716
734888216.655843
710958896.487989
687808759.270835
665412433.360050
643745373.258315
622783832.735577
602504838.755486
582886166.326345
563906314.188948
545544481.153315
527780543.384516
510595032.296944
493969113.243505
477884564.885277
462323759.176829
447269642.100560
432705714.926474
418616016.177231
404985104.089037
391798039.723945
379040370.579481
366698114.742679
354757745.595820
343206176.962969
332030748.774706
321219213.205566
310759721.247570
300640809.698924
290851388.645466
281380729.247260
272218452.040562
263354515.541201
254779205.211176
246483122.855117
238457176.281321
230692569.381499
223180792.449510
215913612.875196
208883066.117952
202081446.971128
195501301.128222
189135417.003567
182976817.850368
177018754.079923
171254695.893090
165678326.112305
160283533.243218
155064404.817090
150015220.870129
145130447.688981
140404731.764189
135832893.891957
131409923.518483
127130973.248821
122991353.521276
118986527.465231
115112105.961938
111363842.788942
107737630.004042
104229493.407483
100835588.237030
97552194.895038
94375714.911073
91302666.996577
88329683.217613
85453505.290295
82670981.033214
79979060.921270
77374794.703688
74855328.212836
72417900.220494
70059839.380040
67778561.376028
65571565.997564
63436434.474356
61370826.785660
59372479.108070
57439201.327013
55568874.646819
53759449.257960
52008942.113540
50315434.718112
48677071.060640
47092055.552236
45558651.081160
44075177.094224
42640007.768307
41251570.215365
39908342.758606
38608853.270560
37351677.568298
36135437.826211
34958801.105833
33820477.855990
32719220.517142
31653822.148850
30623115.131763
29625969.836250
28661293.442393
27728028.690424
26825152.772215
25951676.160604
25106641.563613
24289122.857340
23498224.069861
22733078.416024
21992847.317524
21276719.517114
20583910.157141
19913659.957339
19265234.345981
18637922.668200
18031037.415652
17443913.477093
16875907.372921
16326396.600208
15794778.915806
15280471.682139
14782911.250167
14301552.304892
13835867.300032
13385345.853694
12949494.227437
12527834.730103
12119905.250820
11725258.711284
11343462.584370
10974098.454476
10616761.495890
10271060.097216
9936615.368462
9613060.791772
9300041.739207
8997215.168939
8704249.199060
8420822.734863
8146625.168334
7881355.986127
7624724.454854
7376449.312065
7136258.476248
6903888.696429
6679085.309957
6461601.928056
6251200.218095
6047649.570081
5850726.908302
5660216.409273
5475909.293687
5297603.550194
5125103.783281
4958220.911367
4796772.063520
4640580.283852
4489474.403939
4343288.812527
4201863.289398
4065042.848042
3932677.526778
3804622.274028
3680736.739256
3560885.140171
3444936.127878
3332762.640537
3224241.719131
3119254.439592
3017685.741086
2919424.305504
2824362.452470
2732395.984816
2643424.115258
2557349.330555
2474077.305116
