190679932887498.781250
164056191819747.875000
141149798339175.156250
121441716708138.281250
104485381704767.781250
89896579906132.171875
77344743800183.140625
66545461459851.382812
57254032056074.632812
49259921184192.859375
42381990367007.468750
36464392639863.007812
31373041215855.011719
26992571214684.992188
23223725611007.316406
19981106170498.312500
17191238412130.402344
14790906750651.507812
12725722095279.650391
10948889447846.437500
9420147575407.865234
8104856731375.355469
6973213753848.886719
5999576756073.733398
5161884107188.411133
4441154537954.678711
3821057044370.304688
3287540843614.968262
2828516997504.741211
2433584489364.357910
2093794547495.861816
1801447875051.355713
1549920191743.880371
1333512134347.436279
1147320114883.496338
987125210270.728027
849297565789.630859
730714146241.257446
628687971124.294434
540907230371.151611
465382901067.072388
400403678200.034363
344497198217.877808
296396676757.503235
255012204590.778931
219406051382.471741
188771417668.018341
162414153592.666168
139737030176.972717
120226206711.325760
103439587644.652664
88996805145.717239
76570600352.275696
65879408015.937263
56680976517.912186
48766878692.144203
41957789076.256134
36099420577.661369
31059028483.954525
26722402601.779667
22991279369.218395
19781115302.811417
17019171327.494080
14642864582.737015
12598350358.099865
10839302026.492363
9325861329.614094
8023735230.062327
6903418865.742805
5939526999.514911
5110218815.357372
4396703027.517372
3782812088.992578
3254635851.249485
2800206374.267484
2409226745.128861
2072837760.392226
1783417185.441136
1534407042.403134
1320165012.993701
1135836589.205602
977245075.206466
840796947.452374
723400429.208486
622395433.960479
535493290.534519
460724884.147778
396396038.238712
341049126.137232
293430042.751993
252459787.718071
217210016.452381
186882004.743583
160788550.494016
138338402.381409
119022862.737989
102404260.917496
88106036.218723
75804205.285312
65220021.092819
56113656.691590
48278771.055910
41537833.602975
35738101.505859
30748158.688000
26454938.089877
22761159.667168
19583126.132860
16848826.451503
14496304.167165
12472253.479633
10730811.467984
9232518.797401
7943425.678727
6834322.561611
5880078.279601
5059070.622900
4352696.412493
3744949.909325
3222060.198205
2772179.109985
2385112.797857
2052090.716388
1765566.968513
1519049.161230
1306951.466098
1124467.995578
967463.832886
832381.417593
716159.908935
616165.873043
530133.542662
456113.490558
392428.500368
337635.557215
290493.099185
249932.896938
215035.944048
185011.486776
159179.207933
136953.757090
117831.546336
101379.286018
87224.176130
75045.470744
64567.232530
55552.003956
47795.526187
41122.058811
35380.383985
30440.386914
26190.136543
22533.331633
19387.103151
16680.177433
14351.200644
12347.413365
10623.397999
9140.100080
7863.917060
6765.929041
5821.233578
5008.450172
4309.136344
3707.476705
3189.827114
2744.448268
2361.258477
2031.563217
1747.896770
1503.848877
1293.871049
1113.213516
957.778113
824.041947
708.984032
609.998543
524.832214
451.565912
388.520812
334.277776
287.597060
247.437307
212.905474
183.173371
157.594467
135.588136
116.649525
100.365437
86.362283
74.315388
63.933310
55.005208
47.321542
40.719219
35.026666
30.134888
25.923367
22.308293
19.193962
16.514494
14.216286
12.224632
10.522087
9.057262
7.793138
6.707934
5.769902
4.965669
4.260958
3.673048
3.151795
2.736187
2.357913
2.016737
1.738104
1.522627
1.314294
1.142828
0.997755
0.845281
0.707802
0.616873
0.561539
0.527170
0.507301
0.505016
0.504792
0.504038
0.504471
0.503921
0.504465
0.503919
0.504462
0.503916
0.504458
0.503912
0.504455
0.503909
0.504452
0.503908
0.504452
0.503908
0.504452
0.503908
0.504452
0.503908
0.504452
0.503908
0.504452
0.503908
0.504452
0.503908
0.504452
0.503908
0.504452
0.503908
0.504452
0.503908
0.504452
0.503908
0.504452
0.503908
0.504452
0.503908
0.504452
0.503908
0.504452
0.503908
0.504452
0.503908
0.504452
0.503908
0.504452
0.503908
0.504452
0.503908
0.504452
0.503908
0.504452
0.503908
0.504452
0.503908
0.504452
0.503908
0.504452
0.503908
0.504452
0.503908
0.504452
0.503908
0.504452
0.503908
0.504452
0.503908
0.504452
0.503908
0.504452
0.503908
0.504452
0.503908
0.504452
0.503908
0.504452
0.503908
0.504452
0.503908
0.504452
0.503908
0.504452
0.503908
0.504452
0.503908
0.504452
0.503908
0.504452
0.503908
0.504452
0.503908
0.504452
0.503908
0.504452
0.503908
0.504452
0.503908
0.504452
0.503908
0.504452
0.503908
0.504452
0.503908
0.504452
0.503908
0.504452
0.503908
0.504452
0.503908
0.504452
0.503908
0.504452
0.503908
0.504452
0.503908
0.504452
0.503908
0.504452
0.503908
0.504452
0.503908
0.504452
0.503908
0.504452
0.503908
0.504452
0.503908
0.504452
0.503908
0.504452
0.503908
0.504452
0.503908
0.504452
0.503908
0.504452
0.503908
0.504452
0.503908
0.504452
0.503908
0.504452
0.503908
0.504452
0.503908
0.504452
0.503908
0.504452
0.503908
0.504452
0.503908
0.504452
0.503908
0.504452
0.503908
0.504452
0.503908
0.504452
0.503908
0.504452
0.503908
0.504452
0.503908
0.504452
0.503908
0.504452
0.503908
0.504452
0.503908
0.504452
0.503908
0.504452
0.503908
0.504452
0.503908
0.504452
0.503908
0.504452
0.503908
0.504452
0.503908
0.504452
0.503908
0.504452
0.503908
0.504452
0.503908
0.504452
0.503908
0.504452
0.503908
0.504452
0.503908
0.504452
0.503908
0.504452
0.503908
0.504452
0.503908
0.504452
0.503908
0.504452
0.503908
0.504452
0.503908
0.504452
0.503908
0.504452
0.503908
0.504452
0.503908
0.504452
0.503908
0.504452
0.503908
0.504452
0.503908
0.504452
0.503908
0.504452
0.503908
0.504452
0.503908
0.504452
0.503908
0.504452
0.503908
0.504452
0.503908
0.504452
0.503908
0.504452
0.503908
0.504452
0.503908
0.504452
0.503908
0.504452
0.503908
0.504452
0.503908
0.504452
0.503908
0.504452
0.503908
0.504452
0.503908
0.504452
0.503908
0.504452
0.503908
0.504452
0.503908
0.504452
0.503908
0.504452
0.503908
0.504452
0.503908
0.504452
0.503908
0.504452
0.503908
0.504452
0.503908
0.504452
0.503908
0.504452
0.503908
0.504452
0.503908
0.504452
0.503908
0.504452
0.503908
0.504452
0.503908
0.504452
0.503908
0.504452
0.503908
0.504452
0.503908
0.504452
0.503908
0.504452
0.503908
0.504452
0.503908
0.504452
0.503908
0.504452
0.503908
0.504452
0.503908
0.504452
0.503908
0.504452
0.503908
0.504452
0.503908
0.504452
0.503908
0.504452
0.503908
0.504452
0.503908
0.504452
0.503908
0.504452
0.503908
0.504452
0.503908
0.504452
0.503908
0.504452
0.503908
0.504452
0.503908
0.504452
0.503908
0.504452
