199824255985106.281250
171658504062818.875000
147462788598002.218750
126677522560381.578125
108821994176321.906250
93483249254947.890625
80306540579498.250000
68987123481967.093750
59263207852975.000000
50909903584296.710938
43734019417112.593750
37569594906212.851562
32274062165542.496094
27724948625758.289062
23817044546738.605469
20459969776619.070312
17576083482511.212891
15098688510147.476562
12970488843734.607422
11142264490877.994141
9571733145944.714844
8222572304954.972656
7063579215939.305664
6067949236491.758789
5212655908714.780273
4477918414223.373047
3846744092760.333496
3304535444010.081055
2838752523535.548828
2438622924891.484863
2094892640517.916016
1799612039442.884521
1545952011988.128906
1328046029359.750732
1140854465353.063965
980048042268.169189
841907705428.855469
723238610650.194092
621296235397.659790
533722904771.730225
458493264321.254578
393867438606.319763
338350792184.374268
290659362390.763794
249690164459.175476
214495682213.144226
184261954361.482300
158289749587.464722
135978395058.734604
116811884350.943237
100346943495.882553
86202779151.416336
74052271793.745651
63614410252.159492
54647792616.003426
46945043205.844231
40328016487.049675
34643677004.383934
29760560050.596764
25565731213.019897
21962174480.082577
18866548500.987736
16207259106.463263
13922803512.821005
11960347914.679792
10274505569.824188
8826287116.180492
7582198844.276546
6513468070.722054
5595377697.114291
4806694564.768071
4129178384.314958
3547159882.897336
3047178412.684109
2617670639.419271
2248703111.018232
1931742521.521572
1659458356.760803
1425553357.725633
1224617880.545169
1052004784.824839
903721956.780959
776339981.479185
666912829.023903
572909720.122214
492156595.471598
422785835.128267
363193065.023099
312000051.855587
268022827.887325
230244308.734262
197790770.755252
169911643.913196
145962152.959769
125388405.450524
107714581.495052
92531929.281873
79489311.643492
68285085.096843
58660123.621283
50391825.651887
43288965.905561
37187272.854408
31945629.405539
27442809.324555
23574673.512676
20251761.581261
17397222.779157
14945038.687069
12838496.355820
11028876.693683
9474327.647813
8138896.370403
6991697.627088
6006199.548559
5159610.015042
4432349.482651
3807598.210981
3270907.278643
2809864.337936
2413806.609222
2073574.246338
1781298.509072
1530219.820866
1314531.324594
1129244.691313
970074.712782
833340.150038
715878.674877
614973.700004
528291.548729
453827.469943
389859.306962
334907.609760
287701.506339
247149.229221
212312.902790
182386.854547
156678.941612
134594.635348
115623.171606
99325.785134
85325.559020
73298.703619
62967.068234
54091.702030
46467.329256
39917.632127
34291.130455
29457.700346
25305.571673
21738.689313
18674.556245
16042.316209
13781.098139
11838.615472
10169.932427
8736.455780
7505.026213
6447.167355
5538.432533
4757.775024
4087.152011
3511.060015
3016.168536
2591.033629
2225.830804
1912.098550
1642.582415
1411.068740
1212.190050
1041.339646
894.554504
768.450847
660.141508
567.091645
487.161601
418.483244
359.496326
308.805350
265.280750
227.898386
195.775704
168.183257
144.483282
124.121620
106.630058
91.603172
78.692437
67.614382
58.082857
49.906745
42.873478
36.838413
31.646334
27.192847
23.357339
20.055242
17.228760
14.800465
12.711187
10.935739
9.389375
8.058395
6.927367
5.962208
5.119669
4.395719
3.773172
3.256044
2.791061
2.392930
2.050333
1.768930
1.516307
1.309042
1.132265
0.965592
0.849740
0.732213
0.638008
0.544792
0.444050
0.381496
0.335820
0.326422
0.320139
0.320046
0.321440
0.319044
0.320307
0.320619
0.319415
0.319650
0.321106
0.318789
0.320117
0.320461
0.319269
0.319506
0.320947
0.318638
0.320000
0.320349
0.319161
0.319406
0.320848
0.318553
0.319920
0.320266
0.319076
0.319340
0.320807
0.318520
0.319894
0.320254
0.319076
0.319340
0.320807
0.318520
0.319894
0.320254
0.319076
0.319340
0.320807
0.318520
0.319894
0.320254
0.319076
0.319340
0.320807
0.318520
0.319894
0.320254
0.319076
0.319340
0.320807
0.318520
0.319894
0.320254
0.319076
0.319340
0.320807
0.318520
0.319894
0.320254
0.319076
0.319340
0.320807
0.318520
0.319894
0.320254
0.319076
0.319340
0.320807
0.318520
0.319894
0.320254
0.319076
0.319340
0.320807
0.318520
0.319894
0.320254
0.319076
0.319340
0.320807
0.318520
0.319894
0.320254
0.319076
0.319340
0.320807
0.318520
0.319894
0.320254
0.319076
0.319340
0.320807
0.318520
0.319894
0.320254
0.319076
0.319340
0.320807
0.318520
0.319894
0.320254
0.319076
0.319340
0.320807
0.318520
0.319894
0.320254
0.319076
0.319340
0.320807
0.318520
0.319894
0.320254
0.319076
0.319340
0.320807
0.318520
0.319894
0.320254
0.319076
0.319340
0.320807
0.318520
0.319894
0.320254
0.319076
0.319340
0.320807
0.318520
0.319894
0.320254
0.319076
0.319340
0.320807
0.318520
0.319894
0.320254
0.319076
0.319340
0.320807
0.318520
0.319894
0.320254
0.319076
0.319340
0.320807
0.318520
0.319894
0.320254
0.319076
0.319340
0.320807
0.318520
0.319894
0.320254
0.319076
0.319340
0.320807
0.318520
0.319894
0.320254
0.319076
0.319340
0.320807
0.318520
0.319894
0.320254
0.319076
0.319340
0.320807
0.318520
0.319894
0.320254
0.319076
0.319340
0.320807
0.318520
0.319894
0.320254
0.319076
0.319340
0.320807
0.318520
0.319894
0.320254
0.319076
0.319340
0.320807
0.318520
0.319894
0.320254
0.319076
0.319340
0.320807
0.318520
0.319894
0.320254
0.319076
0.319340
0.320807
0.318520
0.319894
0.320254
0.319076
0.319340
0.320807
0.318520
0.319894
0.320254
0.319076
0.319340
0.320807
0.318520
0.319894
0.320254
0.319076
0.319340
0.320807
0.318520
0.319894
0.320254
0.319076
0.319340
0.320807
0.318520
0.319894
0.320254
0.319076
0.319340
0.320807
0.318520
0.319894
0.320254
0.319076
0.319340
0.320807
0.318520
0.319894
0.320254
0.319076
0.319340
0.320807
0.318520
0.319894
0.320254
0.319076
0.319340
0.320807
0.318520
0.319894
0.320254
0.319076
0.319340
0.320807
0.318520
0.319894
0.320254
0.319076
0.319340
0.320807
0.318520
0.319894
0.320254
0.319076
0.319340
0.320807
0.318520
0.319894
0.320254
0.319076
0.319340
0.320807
0.318520
0.319894
0.320254
0.319076
0.319340
0.320807
0.318520
0.319894
0.320254
0.319076
0.319340
0.320807
0.318520
0.319894
0.320254
0.319076
0.319340
0.320807
0.318520
0.319894
0.320254
0.319076
0.319340
0.320807
0.318520
0.319894
0.320254
0.319076
0.319340
0.320807
0.318520
0.319894
0.320254
0.319076
0.319340
0.320807
0.318520
0.319894
0.320254
0.319076
0.319340
0.320807
0.318520
0.319894
0.320254
0.319076
0.319340
0.320807
0.318520
0.319894
0.320254
