1.719383
159490536574135.218750
127298015605280.203125
101603425037759.343750
81095183851203.578125
64726448359555.625000
51661676048842.710938
41233975288581.570312
32911063831763.609375
26268098454197.769531
20965988821469.554688
16734088614310.804688
13356380380440.298828
10660448918290.691406
8508680338717.526367
6791237560574.181641
5420453674148.135742
4326356981554.575684
3453099289661.872070
2756105137671.444824
2199796441602.666992
1755776410103.200684
1401380029521.685547
1118517127717.168945
892748960768.107056
712551186926.530518
568725606304.338379
453930638529.095032
362306571589.745361
289176452689.907043
230807353075.022614
184219820590.372772
147035793471.086853
117357212119.652603
93669132606.148758
74762396317.352753
59671908424.866013
47627374595.521645
38013981297.697487
30341012629.250980
24216801711.957050
19328738045.840355
15427310298.365507
12313369992.267216
9827965966.457767
7844230710.071021
6260904407.125241
4997166126.813833
3988508316.855487
3183444014.040616
2540878690.861238
2028012584.209449
1618666430.825157
1291945146.021562
1031171233.628494
823033482.748381
656907496.654646
524313370.254133
418482832.966059
334013762.417439
266594432.784862
212783422.682061
169833947.734613
135553650.928405
108192693.654660
86354435.149107
68924140.970024
55012081.293844
43908114.689921
35045438.902421
27971658.460134
22325692.037625
17819341.150291
14222578.990261
11351808.776798
9060491.903056
7231668.117446
5771985.025897
4606933.062551
3677042.121643
2934845.922386
2342459.028750
1869643.044748
1492263.047976
1191055.702276
950645.845345
758761.773558
605608.710064
483368.962742
385802.836163
307930.015757
245775.531672
196166.673342
156571.159814
124967.846558
99743.514761
79610.610483
63541.442043
50715.769213
40478.921250
32308.347840
25786.966500
20581.910990
16427.479828
13111.591586
10465.022681
8352.648729
6666.654242
5320.956970
4246.908518
3389.650041
2705.431885
2159.293652
1723.400884
1375.514382
1097.840091
876.203008
699.334831
558.144861
445.484476
355.564178
283.795976
226.517768
180.793034
144.316694
115.213716
91.962185
73.422069
58.593517
46.791837
37.380734
29.865323
23.884619
19.103689
15.322663
12.318727
9.929698
8.041548
6.567218
5.381802
4.485646
3.771732
3.255316
2.855217
2.601123
2.401545
2.292046
2.232873
2.207204
2.208921
2.227979
2.250001
2.291747
2.355993
2.415794
2.465260
2.540761
2.610822
2.682616
2.762082
2.847573
2.922859
2.994073
3.071533
3.138328
3.201344
3.266450
3.338190
3.406859
3.453906
3.506866
3.551386
3.578111
3.635033
3.660589
3.701179
3.725566
3.757952
3.792309
3.793181
3.815743
3.801275
3.823325
3.829582
3.836424
3.828771
3.848799
3.843011
3.844673
3.829979
3.825009
3.821766
3.815107
3.818173
3.807044
3.822192
3.827961
3.815510
3.819879
3.820655
3.831958
3.824326
3.817210
3.817567
3.809977
3.824840
3.825461
3.820813
3.837840
3.851423
3.863690
3.882269
3.899942
3.926509
3.937126
3.957704
3.956294
3.953964
3.964496
3.968142
3.962592
3.968365
3.955608
3.948314
3.934175
3.938432
3.919497
3.898531
3.895386
3.891153
3.879469
3.866926
3.864532
3.848794
3.838266
3.824899
3.821842
3.807218
3.790964
3.800935
3.797624
3.790931
3.802693
3.789463
3.793110
3.800085
3.794090
3.803916
3.817423
3.820185
3.809952
3.805281
3.812616
3.818354
3.798185
3.798358
3.797002
3.769624
3.762220
3.749990
3.734857
3.728451
3.746137
3.759454
3.786670
3.813367
3.843318
3.847819
3.867964
3.873852
3.884316
3.883130
3.892733
3.887060
3.892655
3.889998
3.897397
3.885748
3.888023
3.885899
3.861463
3.852063
3.820467
3.813495
3.796052
3.789554
3.747613
3.734304
3.704881
3.715124
3.702082
3.697674
3.698368
3.694541
3.691236
3.685837
3.683133
3.669184
3.652814
3.640297
3.634563
3.628867
3.607827
3.595129
3.572652
3.569212
3.569433
3.556446
3.549218
3.539639
3.534148
3.536056
3.527764
3.516513
3.517132
3.510345
3.502717
3.484121
3.482382
3.472754
3.463182
3.468008
3.469335
3.462612
3.466830
3.485119
3.476477
3.487563
3.494916
3.510164
3.524386
3.537126
3.538723
3.550278
3.554802
3.551893
3.554983
3.563643
3.562222
3.566823
3.561015
3.565530
3.570741
3.568717
3.568855
3.568519
3.571277
3.571364
3.563751
3.568018
3.579366
3.582760
3.581339
3.592810
3.589653
3.594347
3.599228
3.596048
3.606392
3.610463
3.609018
3.613636
3.611962
3.607911
3.607024
3.605330
3.605572
3.599792
3.604637
3.605051
3.604695
3.605075
3.608651
3.609383
3.615529
3.613988
3.615441
3.619443
3.620181
3.620715
3.624549
3.625967
3.626258
3.624237
3.624633
3.628198
3.629029
3.629238
3.634094
3.634489
3.641489
3.640852
3.641763
3.652298
3.645612
3.647157
3.648848
3.637844
3.642217
3.630288
3.613841
3.617084
3.606931
3.596716
3.598399
3.599930
3.610576
3.616651
3.610975
3.624632
3.622891
3.631362
3.629867
3.635423
3.643477
3.649471
3.641618
3.654677
3.653277
3.655828
3.659814
3.665927
3.674416
3.678832
3.671646
3.682090
3.680627
3.695476
3.701531
3.713915
3.718985
3.730166
3.741519
3.751380
3.756604
3.772822
3.771136
3.796865
3.794459
3.812983
3.818543
3.829054
3.842449
3.846703
3.852123
3.858602
3.862486
3.854731
3.854164
3.838615
3.838202
3.831183
3.831898
3.831406
3.823455
3.817704
3.817552
3.802980
3.797051
3.783520
3.771333
3.751917
3.732569
3.719754
3.708585
3.689117
3.678368
3.666135
3.655441
3.636699
3.618081
3.606927
3.598021
3.580933
3.571081
3.563877
3.547339
3.537780
3.522995
3.508786
3.507794
3.492267
3.482876
3.475652
3.462162
3.457878
3.455146
3.451345
3.456134
3.461114
3.465545
3.476625
3.485149
3.496967
3.505586
3.509784
3.521917
3.526757
3.534319
3.546421
3.555848
3.567352
3.582141
3.591848
3.604556
3.620230
3.629741
3.645147
3.661375
3.680700
3.692673
3.704117
3.715315
3.732486
3.743712
3.753037
3.771215
3.786727
3.798781
3.812094
3.816419
3.828906
3.827318
3.830881
3.837811
3.827846
3.833300
3.826482
3.809328
3.801520
3.794345
3.771864
3.771936
3.745232
3.746181
3.725940
3.717779
3.706262
3.692707
3.679138
3.673365
3.652725
3.647198
3.634077
3.619992
3.614736
3.603421
3.589990
3.584961
0.000000
