190771949895862.468750
164417569986185.187500
141110221739746.218750
121244412684356.593750
102468743838587.484375
88822336842663.890625
76992743113776.609375
67399514306477.304688
57337485345047.500000
52733703182433.132812
47129973213780.921875
41734683254240.664062
39162311197637.000000
37115424292739.117188
34752206175541.523438
33120557334286.859375
31737952104556.839844
30540223920044.222656
28371818720441.023438
25299650034032.917969
24902595162655.113281
25888100988847.156250
24755948869330.117188
22238921925474.558594
21881062715638.226562
20211423558367.289062
20990526686789.769531
20928621821634.445312
20975821566808.257812
22432424662063.039062
22993167099473.753906
25647381906156.480469
24949650173079.710938
24013808652786.835938
25009419776249.113281
24483489815838.398438
22687593850588.347656
24318168185756.234375
22915876265935.132812
21096654126087.894531
22569770921003.941406
22393181172854.847656
24194794542109.164062
26075384144916.101562
26421389054790.316406
24154378245465.457031
22264557431230.996094
23090907440408.433594
21381596623577.773438
19635557484005.667969
21091410214722.515625
21383099236203.421875
23857314536188.085938
25445619641565.625000
25248839555686.804688
25385222006166.617188
24801552848318.828125
23320631442216.332031
22911566742473.097656
19414361332446.128906
20818657346219.867188
22009051323951.218750
21660323365713.964844
22006218880832.335938
21812427651324.738281
21746404336393.253906
21048022610884.351562
19517388461200.355469
20588333805952.550781
20457073950849.343750
22540442223845.054688
23838818191945.109375
20320173362066.878906
20299471686873.636719
23232122419707.523438
22959996362841.824219
23331532473688.316406
24109496604204.550781
22781553243701.714844
21074926504877.878906
20608723156989.398438
21195896379547.242188
23519044572445.546875
21829778934873.347656
23612982680664.449219
24187738159273.925781
20479768103951.699219
19257699730490.214844
22738422703404.238281
23369933305263.980469
23290883788715.593750
23819974653620.730469
24217782853562.871094
24334311002653.882812
25385666646199.707031
26544533458544.765625
23846959360551.546875
22015894759023.199219
24262607736362.570312
25304132453117.882812
24335717752920.855469
22358050823916.097656
25503746228887.164062
29348174987683.945312
29292708049836.253906
30226473717688.296875
29597903781452.738281
26588704012825.835938
27125139123618.511719
26736494092082.070312
23472073721804.210938
23454701166455.914062
23340112953577.566406
23954621172674.113281
27527546669212.156250
27091750076495.324219
25955399018241.570312
25366418704047.921875
30014106853753.265625
30836749747230.109375
28446617510913.097656
27230195056361.023438
25951599270782.578125
26582296692166.511719
25405753523318.160156
26287280975637.562500
25814087968995.035156
23798925179099.179688
24269972195114.468750
25215680352204.828125
26028654412401.273438
24533974181239.285156
22946527144201.718750
21433807368569.242188
20977072262779.398438
20938098645478.441406
20911232903358.777344
23374330820377.664062
23164447593644.386719
24975418144305.054688
23695620335263.156250
25438147446647.503906
27063942100970.207031
25497069365956.777344
23358934399441.437500
24282167777062.046875
24678022898346.945312
23774364948801.285156
21865966550027.828125
20403009157677.367188
19425505417227.441406
19799394186455.488281
22201453886151.781250
23765322954050.812500
25518885110822.691406
24202034463670.835938
22172439169766.652344
23468987709653.886719
23458777071095.781250
23052184924611.910156
22084838638687.277344
21275893651586.730469
22538614702704.441406
24753901685410.769531
23482509087834.355469
24795598539232.945312
24168051764350.710938
24370066931104.781250
23167738091564.117188
21665927914142.843750
20511376486525.406250
21422004861773.496094
24485617493133.308594
24691299322393.050781
24392946144252.218750
23282119154357.121094
24083639452297.925781
23178394393918.335938
24852537491883.515625
24662320329984.351562
24784151224229.246094
25080737175497.453125
23563294910941.195312
24950405296817.500000
23806402611274.519531
23122052247880.414062
21781362092637.886719
23658533881399.453125
23197109729455.496094
26329171604382.484375
27157103697490.093750
24635317225353.062500
23212653607177.687500
22337666938042.753906
21710743612410.398438
24546577017279.738281
22197629548504.820312
21352457810468.687500
21161117269200.019531
24274298301765.121094
24789304894637.828125
24231447266603.179688
24356390227702.425781
24641907213281.390625
24774821258300.015625
23090000004664.410156
22682875286523.457031
22353063177699.050781
26145441505340.277344
21713800039890.703125
23166843267395.843750
26717802475089.996094
25471121478254.582031
24614871870004.589844
23949168383613.683594
24998411483196.777344
24426527281393.757812
23218997709069.937500
22640071047840.683594
22075536085580.375000
21792830994205.238281
21475775134418.468750
20135158466044.726562
21458965444624.863281
21070207627899.988281
22792895230042.777344
24271794264253.953125
23047388157219.328125
24743813304598.277344
24008047467922.121094
22095472690636.554688
21776195069226.855469
20388856299049.789062
22916806105782.007812
23060053884752.144531
23695577153828.437500
25070623246514.050781
25404889658552.757812
26440829270310.945312
24198162223674.585938
23354531895812.160156
22523523363274.746094
21539106194546.457031
20907202840596.847656
23171425104105.953125
25701756912716.351562
23051021351471.726562
24193420593149.585938
25177134085896.519531
23648631694849.968750
24686097057344.820312
24842722089034.148438
23104674951032.539062
25150350779034.851562
25097931348985.640625
22276766416033.628906
22131149065736.152344
22421295553757.035156
24458845874442.304688
22010010581322.632812
21243748974485.675781
21296790249681.535156
23498164559065.414062
23729645874022.164062
23551902426108.996094
24963393668802.652344
24256401800888.546875
26502498949580.421875
26403338963491.164062
26088502434450.910156
26410938004491.113281
24664110970653.324219
22530354604265.851562
22728603763321.468750
23761612929336.312500
23974066864871.593750
22121553209281.527344
22650644336246.332031
21754020156597.449219
23177930537850.207031
25303338621553.535156
25551988044948.753906
25062346421836.789062
25003523404976.085938
24743323294781.875000
26841228588329.207031
28867257945276.503906
26276080433777.964844
25973318858835.226562
26456273698117.078125
26095517850552.308594
25816384490277.601562
23147302747054.367188
25306489668816.156250
24357860396664.945312
22420263759166.515625
22109661410906.562500
21611237738978.171875
23787680593675.058594
25876078314422.136719
24161913106833.785156
24389830020253.109375
25019256094793.800781
24847603505798.734375
25806946649322.292969
24746343885881.144531
27750527729740.468750
26478604229843.332031
26318394289457.621094
26224929995000.765625
25906943620722.445312
25626151248154.671875
25997703028445.625000
24784020120404.066406
27553693239526.328125
28047628530061.757812
27274913582981.339844
27281579044217.339844
25461836318702.234375
25297197746476.253906
24824471466203.011719
23700607620306.867188
24157873083950.664062
25957952963858.000000
24256900374426.921875
24510966582028.562500
24786655734378.078125
25707524239750.656250
24781330634701.164062
24212999408194.859375
23858072830650.390625
22428751840317.210938
22935133490274.722656
22553213943214.792969
21589429357916.871094
22426387569511.957031
21642955167883.625000
20972338573285.339844
20284077646653.609375
21227081845670.542969
20440633975315.113281
23843049586716.605469
24094294512275.050781
24014958957845.812500
25245429354439.308594
25494847913779.640625
26528897026837.363281
27303194383937.167969
24600240737532.382812
22835090252812.910156
23427791807983.535156
22866919119489.785156
22205876464005.890625
23407522471030.808594
23179185841092.308594
24458992458169.906250
21270608719667.656250
22645150903102.082031
23638583643463.632812
22678232814430.597656
24019639655056.992188
24088549272384.863281
23096601950502.828125
20896393160019.406250
21821266743892.640625
21653122939932.972656
22098364799519.992188
22901290096873.746094
21850613539542.402344
23147601202018.820312
24508313264353.890625
25060902359130.261719
25575352805700.769531
24510050699307.824219
26462362470988.964844
26790890816919.742188
25703862817609.500000
26102459351757.035156
26086662295739.765625
28105575779470.269531
25691044845477.546875
26864072085948.437500
26243374957412.953125
25628554797615.410156
22823688905770.601562
22076530938963.691406
22105391622139.640625
24080703675627.644531
22582205141913.484375
22305585602814.781250
27270332236473.488281
27375018316778.054688
26857590399317.726562
27498749600708.199219
25952310131874.171875
24246207795365.378906
25958941307698.109375
24584366172030.960938
26436128621406.402344
26260227102268.078125
24962477385460.761719
24541155241583.054688
22454740259718.367188
24207396724844.531250
23452687179599.210938
21814996492650.230469
23766989261073.210938
23720920264786.800781
23663743249153.613281
24499677722912.417969
21822817146366.578125
23181940176272.351562
23787548549793.589844
20938722581434.761719
22757613840799.593750
24557450810424.160156
24327425830368.015625
23873931528792.308594
26100514819342.019531
26746248288745.960938
27361948291768.179688
27283774740538.941406
25722204041231.675781
24664366832662.199219
25355304010479.406250
27969418352665.636719
27557107956980.226562
26464167791973.363281
27150778354230.394531
23061029559331.089844
22648446631941.507812
22001225085846.191406
22463476572689.890625
23449245664172.410156
21941710944913.628906
20829329378436.316406
20272882092449.000000
21110722300328.656250
22052270607136.316406
23767532286011.667969
23388407651946.207031
22340021060103.562500
22289091634915.839844
19784320389288.628906
22137128162319.355469
20399790188435.597656
22547804746971.195312
22667498744663.207031
20365612988013.585938
22178197758922.605469
21346298291063.093750
22845472086705.902344
24018352349663.664062
22344664217848.343750
23874821745835.101562
22245799384758.949219
22144439213183.074219
23571329632320.542969
22237360296269.390625
19921875164575.515625
20493485545448.285156
20622013735956.402344
23814771568532.734375
23825614014737.644531
24676367332244.988281
24394080079399.406250
26138426827867.878906
26295057969058.398438
24541227782994.203125
23411643433808.410156
23883701551280.898438
21603162242489.621094
21810852872229.093750
22113141124667.867188
22037414142369.386719
20402215703007.128906
23177005180725.773438
23179598511493.343750
24366954992510.687500
25052408725588.519531
23858599829370.851562
23545522878221.582031
22261216654087.445312
21784199710975.976562
22190771345941.316406
23284911144344.113281
23346511600652.851562
24240546476936.234375
21232880327280.238281
20620338957869.843750
18506198445387.992188
20803265953754.636719
22031807793355.312500
22637407271651.800781
24546407187019.148438
24535613646089.054688
23305365453495.238281
23471426195810.562500
22234466201500.914062
24187576779577.054688
23566218798613.902344
24876627967381.796875
24836046994994.984375
22082381232729.585938
20149100164359.656250
20763756323280.570312
20598733303324.613281
21652039084225.140625
23826252851222.203125
21283955807941.011719
20424270390681.585938
21097717980971.468750
20507721270010.179688
21682803968376.363281
20820154134199.933594
20019640579157.953125
17488350327424.294922
21814501846382.488281
22538914964858.527344
22830374873649.824219
18629590128411.609375
19455225783550.816406
19293976989502.820312
19553116876782.730469
19362644545785.562500
19800422679212.289062
20054111381046.996094
21614038542049.066406
22702754951998.042969
22818119808641.777344
22445247528281.070312
19257360614847.441406
21921186345232.351562
24349579069715.511719
25835458770404.507812
25409554966030.039062
23367361634159.367188
22826157441121.187500
20716055264722.324219
21005653624768.496094
22195520438468.234375
22075539028181.542969
22172491354564.484375
24059260428983.847656
23056872422228.367188
21263664171576.648438
21437496294249.667969
21439066983199.328125
23382886895749.992188
24190951064281.054688
