2.152553
201585871938369.375000
182691956239502.000000
165568673342182.031250
150048627744860.500000
135983016169417.109375
123234955684596.218750
111681318473789.718750
101209411345070.281250
91718114774958.000000
83116420432890.078125
75320651373736.984375
68255630722671.859375
61853102741379.820312
56050769336329.500000
50791895760084.562500
46026425877581.382812
41705736500632.703125
37792107701028.140625
34245603999161.964844
31031177801669.453125
28119909950412.808594
25482679180343.488281
23092944700166.144531
20924776342663.429688
18960009331470.218750
17178748290593.818359
15564217721305.972656
14101836468969.714844
12777786308432.687500
11578439986701.390625
10491878861359.496094
9507984526937.914062
8618072514459.976562
7810981117969.135742
7079570279987.712891
6417612956936.209961
5818131960408.843750
5276094182375.395508
4783377656620.451172
4336849031738.677734
3932953050704.154297
3567093069375.936523
3236236909454.476074
2936829835572.417969
2665050346455.897949
2420796772332.635254
2201633880197.097168
2003581178323.153320
1825505535363.321289
1666041592271.955566
1522204216331.905273
1393289928769.342773
1277154452222.046387
1174184955511.781250
1082323844366.243408
1001111645128.879883
929304340347.082153
867357121071.428589
813986695335.484375
769480612328.235962
732206528225.466797
702746297051.011719
677590324552.934937
657456007732.777832
641917327824.803101
630668162018.765991
623073743378.437012
617426209689.025513
612461718729.462524
611474405465.023926
613700320709.682373
618160281280.170776
621659681551.377563
625417148962.856323
628487094569.879272
630822548310.887573
633465333680.738525
637002888465.016968
640210111101.335205
641949464155.495239
643439049064.569458
644142842568.452271
645065289353.118286
644365516313.931396
646082846374.815918
647310710819.437622
646797602147.704224
645208636368.540161
642544578623.222046
640978628515.251587
639389597571.933472
639156594689.564331
639279269443.657593
639664500938.682007
640238321802.968018
640942422108.050537
641731212179.674316
642569379023.230347
643429869327.077637
644292235194.499634
645141284556.713745
645965985111.777344
646758577683.478638
647513861571.539062
648228620501.775513
648901163080.964478
649530956209.623047
650118333753.781250
650664265996.876587
651170178065.153564
651637807723.299683
652069094746.919800
652466095557.716797
652830918015.068115
653165672239.710449
653472434144.423950
653753218993.868652
654009962841.550659
654244510116.729980
654458605978.426636
654653892331.465088
654831906624.220337
654994082728.644653
655141753349.379517
655276153525.542236
655398424884.017334
655509620377.779419
655610709304.149048
655702582445.582642
655786057214.575928
655861882714.566406
655930744652.763794
655993270060.250244
656050031788.987549
656101552767.327271
656148310004.145874
656190738338.843506
656229233939.103027
656264157552.328369
656295837519.214844
656324572559.642090
656350634342.607910
656374269852.127808
656395703561.768799
656415139430.308472
656432762730.690796
656448741724.439697
656463229192.825073
656476363835.908813
656488271549.630737
656499066590.959473
656508852639.980469
656517723767.671997
656525765317.113525
656533054705.590820
656539662154.456299
656545651352.764526
656551080060.748901
656556000658.221680
656560460642.973022
656564503083.444580
656568167029.861694
656571487887.533081
656574497755.799194
656577225735.659058
656579698208.919067
656581939091.665405
656583970064.033936
656585810778.818848
656587479050.628662
656588991027.544922
656590361346.680298
656591603275.387207
656592728839.274780
656593748938.242310
656594673451.739868
656595511334.224609
656596270701.690796
656596958910.086548
656597582626.429321
656598147893.312134
656598660187.373047
656599124472.194336
656599545246.388672
656599926587.143921
656600272189.656250
656600585402.921143
656600869262.157593
656601126518.185181
656601359664.088623
656601570959.346924
656601762451.711182
656601935997.048462
656602093277.299316
656602235816.853394
656602364997.165039
656602482070.270752
656602588170.855591
656602684327.269531
656602771471.503296
656602850448.195435
656602922022.816772
656602986889.116089
656603045675.844849
656603098952.771606
656603147236.306396
656603190994.444214
656603230651.316895
656603266591.352295
656603299162.904907
656603328681.659424
656603355433.746582
656603379678.473511
656603401650.847900
656603421563.838867
656603439610.461914
656603455965.654297
656603470787.938843
656603484220.986938
656603496395.008179
656603507428.003296
656603517426.910400
656603526488.664062
656603534701.105713
656603542143.805908
656603548888.938721
656603555001.853638
656603560541.837524
656603565562.559814
656603570112.712891
656603574236.380859
656603577973.558960
656603581360.462769
656603584429.921387
656603587211.680420
656603589732.711304
656603592017.456665
656603594088.052124
656603595964.564331
656603597665.193970
656603599206.405762
656603600603.152100
656603601868.969116
656603603016.150513
656603604055.810425
656603604998.023438
656603605851.929077
656603606625.804932
656603607327.149780
656603607962.747559
656603608538.782715
656603609060.816650
656603609533.924438
656603609962.692505
656603610351.276733
656603610703.433960
656603611022.585938
656603611311.831177
656603611573.961792
656603611811.531250
656603612026.827393
656603612221.945190
656603612398.749268
656603612558.982422
656603612704.199341
656603612835.802612
656603612955.067261
656603613063.151733
656603613161.119751
656603613249.900635
656603613330.351685
656603613403.237915
656603613469.292480
656603613529.142090
656603613583.387329
656603613632.537231
656603613677.083008
656603613717.463135
656603613754.053711
656603613787.201782
656603613817.227417
656603613844.442139
656603613869.099121
656603613891.439087
656603613911.699219
656603613930.047363
656603613946.664551
656603613961.711426
656603613975.347290
656603613987.682129
656603613998.865967
656603614008.986572
656603614018.166748
656603614026.474487
656603614034.002441
656603614040.829468
656603614046.989746
656603614052.603760
656603614057.679199
656603614062.276367
656603614066.442139
656603614070.212402
656603614073.639160
656603614076.723633
656603614079.522583
656603614082.054688
656603614084.342285
656603614086.411133
656603614088.287842
656603614089.963623
656603614091.485962
656603614092.861328
656603614094.111328
656603614095.239258
656603614096.262329
656603614097.199463
656603614098.009766
656603614098.740112
656603614099.393555
656603614099.990723
656603614100.526611
656603614100.996094
656603614101.431030
656603614101.807617
656603614102.141357
656603614102.442871
656603614102.712280
656603614102.968384
656603614103.187988
656603614103.391724
656603614103.572144
656603614103.751099
656603614103.919556
656603614104.074097
656603614104.219360
656603614104.358398
656603614104.480713
656603614104.589722
656603614104.676514
656603614104.761475
656603614104.826660
656603614104.886475
656603614104.929932
656603614104.976074
656603614104.997314
656603614105.014404
656603614105.028687
656603614105.036621
656603614105.042236
656603614105.027954
656603614105.014893
656603614105.005371
656603614104.979736
656603614104.948486
656603614104.907715
656603614104.863525
656603614104.806763
656603614104.767578
656603614104.724365
656603614104.677612
656603614104.635498
656603614104.588623
656603614104.547607
656603614104.506470
656603614104.472534
656603614104.453735
656603614104.416504
656603614104.387329
656603614104.356934
656603614104.330322
656603614104.306396
656603614104.271973
656603614104.251587
656603614104.231689
656603614104.216553
656603614104.207642
656603614104.193481
656603614104.191040
656603614104.178833
656603614104.175415
656603614104.155762
656603614104.148193
656603614104.139160
656603614104.130493
656603614104.122437
656603614104.125488
656603614104.114136
656603614104.102051
656603614104.093140
656603614104.085938
656603614104.071533
656603614104.072144
656603614104.062500
656603614104.063965
656603614104.063354
656603614104.062134
656603614104.066040
656603614104.065430
656603614104.070068
656603614104.074097
656603614104.069580
656603614104.071533
656603614104.072388
656603614104.085327
656603614104.082153
656603614104.090332
656603614104.094849
656603614104.098389
656603614104.108887
656603614104.120850
656603614104.133545
656603614104.140381
656603614104.162476
656603614104.178345
656603614104.195068
656603614104.210205
656603614104.230469
656603614104.239502
656603614104.246582
656603614104.255127
656603614104.263306
656603614104.274414
656603614104.264404
656603614104.275513
656603614104.280029
656603614104.275146
656603614104.276978
656603614104.276123
656603614104.277954
656603614104.272705
656603614104.270386
656603614104.255249
656603614104.243286
656603614104.240845
656603614104.232666
656603614104.207642
656603614104.187134
656603614104.181763
656603614104.174561
656603614104.165649
656603614104.161743
656603614104.159790
656603614104.158936
656603614104.160645
656603614104.155029
656603614104.155151
656603614104.162842
656603614104.159668
656603614104.165649
656603614104.174194
656603614104.177979
656603614104.193848
656603614104.218994
656603614104.233765
656603614104.244629
656603614104.256226
656603614104.267456
656603614104.280029
656603614104.285156
656603614104.294678
656603614104.306885
656603614104.315796
656603614104.318359
656603614104.329468
656603614104.327393
656603614104.320801
656603614104.324951
656603614104.319092
656603614104.324829
656603614104.320801
656603614104.314087
656603614104.308716
656603614104.305420
656603614104.308716
656603614104.302246
656603614104.293945
656603614104.276367
656603614104.267212
656603614104.261475
656603614104.260986
656603614104.254639
656603614104.263306
656603614104.253052
656603614104.249390
656603614104.237915
656603614104.236938
656603614104.231934
656603614104.231567
656603614104.228394
656603614104.217651
656603614104.213013
656603614104.208984
656603614104.204712
656603614104.195190
656603614104.186157
656603614104.183350
656603614104.176025
656603614104.168701
656603614104.159180
656603614104.149048
656603614104.150513
656603614104.154541
656603614104.148193
656603614104.156860
656603614104.163940
656603614104.163574
656603614104.173218
656603614104.163940
656603614104.151611
656603614104.144287
656603614104.139893
656603614104.137329
656603614104.130981
656603614104.117676
656603614104.102173
656603614104.086426
656603614104.076782
656603614104.066528
656603614104.059814
656603614104.060547
656603614104.055054
656603614104.054932
656603614104.044067
656603614104.035156
656603614104.026733
656603614104.021240
656603614104.001831
656603614103.988770
656603614103.973755
656603614103.965332
656603614103.942139
656603614103.929443
656603614103.916260
656603614103.912598
656603614103.924927
656603614103.927002
656603614103.926514
656603614103.925293
656603614103.928711
656603614103.935059
656603614103.933838
656603614103.938843
656603614103.933350
656603614103.929810
656603614103.928345
656603614103.920166
656603614103.918579
656603614103.903809
656603614103.895386
