270191745101708.312500
261405759594931.156250
252905473198969.687500
244681595666092.687500
236725138845074.125000
229027406857741.531250
221579986594959.625000
214374738521661.281250
207403787780877.343750
200659515587041.343750
194134550899163.750000
187821762364774.281250
181714250525827.968750
175805340278056.281250
170088573575522.187500
164557702372405.281250
159206681794303.406250
154029663531586.718750
149020989447584.406250
144175185394617.468750
139486955231119.359375
134951175033305.531250
130562887495065.453125
126317296509956.687500
122209761929379.531250
118235794491203.250000
114391050913301.000000
110671329146631.406250
107072563782678.312500
103590821610229.765625
100222297316639.625000
96963309328873.984375
93810295789796.578125
90759810665295.921875
87808519977999.187500
84953198163456.531250
82190724544813.859375
79518079922120.390625
76932343272543.953125
74430688557887.375000
72010381635916.546875
69668777272124.851562
67403316248667.757812
65211522567307.921875
63091000743313.765625
61039433187353.976562
59054577672526.500000
57134264883753.648438
55276396046864.992188
53478940634776.757812
51739934148260.765625
50057475968877.437500
48429727281726.218750
46854909065743.171875
45331300149349.304688
43857235329324.460938
42431103550850.960938
41051346146737.796875
39716455133901.109375
38424971565238.921875
37175483935098.960938
35966626636596.906250
34797078469098.839844
33665561194236.855469
32570838138879.476562
31511712843530.210938
30487027754676.882812
29495662959662.609375
28536534962695.765625
27608595500661.105469
26710830397437.945312
25842258455473.066406
25001930383397.035156
24188927758511.925781
23402362023016.324219
22641373512870.781250
21905130518242.175781
21192828374500.179688
20503688582772.332031
19836957959096.550781
19191907811241.132812
18567833142292.628906
17964051880141.074219
17379904132020.566406
16814751463290.335938
16267976199668.134766
15738980752153.349609
15227186963901.939453
14732035478339.466797
14252985127821.556641
13789512342173.679688
13341110576463.716797
12907289757382.070312
12487575747624.134766
12081509827689.732422
11688648194533.210938
11308561476516.240234
10940834264133.158203
10585064655996.017578
10240863819583.070312
9907855566270.724609
9585675940184.343750
9273972820418.718750
8972405536193.320312
8680644494521.795898
8398370819988.753906
8125276006240.152344
7861061578806.342773
7605438768889.346680
7358128197757.758789
7118859571404.381836
6887371385132.825195
6663410637750.293945
6446732555054.093750
6237100322309.702148
6034284825428.034180
5838064400558.947266
5648224591827.429688
5464557916947.567383
5286863640458.207031
5114947554332.454102
4948621765721.216797
4787704491598.782227
4632019860086.132812
4481397718234.609375
4335673446060.075195
4194687776624.236328
4058286621966.444824
3926320904695.835938
3798646395059.624023
3675123553309.585449
3555617377194.401367
3439997254411.174805
3328136819854.856445
3219913817509.586426
3115209966831.011230
3013910833473.544922
2915905704221.175293
2821087465985.317383
2729352488737.336914
2640600512247.804688
2554734536508.750000
2471660715719.072754
2391288255717.362305
2313529314749.905762
2238298907465.457520
2165514812031.958984
2095097480273.497314
2026969950729.473145
1961057764540.816406
1897288884071.419189
1835593614175.788330
1775904526026.889404
1718156383420.907715
1662286071478.439453
1608232527664.103760
1555936675049.266357
1505341357744.880127
1456391278433.911865
1409032937935.022461
1363214576731.533691
1318886118401.756104
1275999114888.727539
1234506693549.752197
1194363505927.699463
1155525678188.164551
1117950763168.283203
1081597693984.803223
1046426739150.725708
1012399459151.395264
979478664432.723145
947628374755.431519
916813779871.058228
887001201476.667725
858158056406.730225
830252821021.861694
803254996755.571655
777135076781.393677
751864513763.863770
727415688658.184326
703761880524.457031
680877237323.449707
658736747662.060059
637316213457.497559
616592223490.424927
596542127818.034302
577144013019.160889
558376678244.370239
540219612044.840637
522652969954.737488
505657552802.489258
489214785727.410034
473306697878.599854
457915902773.972473
443025579298.026001
428619453317.459656
414681779894.641052
401197326079.416809
388151354260.535278
375529606058.403687
363318286741.624451
351504050150.283325
340073984109.474976
329015596317.158203
318316800690.900330
307965904158.583008
297951593878.677795
288262924876.017578
278889308079.733582
269820498750.042206
261046585281.458130
252557978370.041656
244345400532.975677
236399875968.845184
228712720747.708282
221275533320.138245
214080185334.863434
207118812755.057770
200383807263.452637
193867807946.946014
187563693251.613495
181464573199.350555
175563781857.541748
169854870053.686249
164331598326.841888
158987930108.323639
153818025124.148102
148816233011.981934
143977087145.685425
139295298660.643036
134765750673.403610
130383492689.236755
126143735191.616882
122041844407.543076
118073337243.194489
114233876384.143616
110519265555.022598
106925444933.225250
103448486711.817505
100084590806.684540
96830080703.327194
93681399438.622833
90635105713.361664
87687870131.079819
84836471559.286530
82077793608.978958
79408821228.625443
76826637408.899963
74328419994.612732
71911438600.278275
69573051625.957642
67310703370.207993
65121921236.843414
63004313032.543594
60955564352.377930
58973436050.282906
57055761791.855461
55200445686.648438
53405459997.553040
51668842924.574532
49988696460.747620
48363184317.727966
46790529918.839722
45269014457.417572
43796975018.240799
42372802760.107178
40994941157.451126
39661884299.164139
38372175242.759155
37124404422.002701
35917208106.375130
34749266910.585602
33619304352.582500
32526085458.428535
31468415412.577438
30445138252.004257
29455135602.835426
28497325458.010651
27570660994.731522
26674129430.372314
25806750915.554668
24967577463.249458
24155691912.677586
23370206926.925724
22610264023.140602
21875032634.273476
21163709201.305748
20475516295.033070
19809701766.372604
19165537924.326023
18542320740.657768
17939369080.421555
17356023957.563789
16791647814.651144
16245623826.102077
15717355223.999243
15206264645.897995
14711793503.782318
14233401373.576780
13770565404.500517
13322779747.621082
12889555002.991575
12470417684.778593
12064909703.769123
11672587866.694548
11293023391.901566
10925801440.645832
10570520663.758804
10226792762.981447
9894242066.581106
9572505118.747208
9261230282.406973
8960077354.860537
8668717195.981094
8386831368.497926
8114111789.950262
7850260395.972308
7594988814.540489
7348018050.782420
7109078182.085615
6877908063.062386
6654255040.144596
6437874675.455467
6228530479.638342
6025993653.424979
5830042837.519767
5640463870.723490
5457049555.827193
5279599433.175459
5107919561.593931
4941822306.398736
4781126134.339458
4625655415.174874
4475240229.761771
4329716184.296562
4188924230.681495
4052710492.678220
3920926097.721727
3793427014.234356
3670073894.191681
3550731920.840196
3435270661.344468
3323563924.229842
3215489621.455062
3110929634.988372
3009769687.727457
2911899218.568604
2817211261.606848
2725602329.199504
2636972298.872986
2551224303.904418
2468264627.428997
2388002600.048446
2310350500.702395
2235223460.804869
2162539371.499260
2092218793.904271
2024184872.314611
1958363250.174807
1894681988.831797
1833071488.896900
1773464414.191914
1715795618.150778
1660002072.611390
1606022798.943228
1553798801.387041
1503273002.592352
1454390181.213074
1407096911.582529
1361341505.295674
1317073954.752359
1274245878.442678
1232810468.132710
1192722437.677608
1153937973.532302
1116414686.846290
1080111567.167429
1044988937.595515
1011008411.437930
978132850.236720
946326323.197198
915554067.897131
885782452.301401
856978938.019229
829112044.724133
802151315.753980
776067284.826448
750831443.835207
726416211.681766
702794904.131751
679941704.673734
657831636.280028
636440534.113365
615745019.132551
595722472.507612
576351010.926805
557609462.667252
539477344.470397
521934839.135828
504962773.869293
488542599.332435
472656369.365954
457286721.376711
442416857.367681
428030525.564775
414112002.659417
400646076.623987
387618030.103962
375013624.319942
362819083.485977
351021079.781410
339606718.774106
328563525.327725
317879429.958553
307542755.670740
297542205.155826
287866848.489084
278506111.136831
269449762.444270
260687904.427254
252210960.953475
244009667.292618
236075059.967339
228398466.978569
220971498.334258
213786036.837558
206834229.259115
200108477.739185
193601431.473488
187305978.701788
181215238.900720
175322555.310464
169621487.613193
164105804.924355
158769478.958555
153606677.478650
148611757.882405
143779261.056233
139103905.398241
134580581.058699
130204344.345046
125970412.319019
121874157.577140
117911103.178945
114076917.778053
110367410.866438
106778528.193451
103306347.346104
99947073.470603
96697035.097497
93552680.154663
90510572.072823
87567386.024715
84719905.305284
81965017.807479
79299712.623656
76721076.751016
74226291.914794
71812631.478514
69477457.473927
67218217.706223
65032442.981636
62917744.397146
60871810.718108
58892405.882005
56977366.526763
55124599.643814
53332080.288268
51597849.344109
49920011.422870
48296732.749236
46726239.195540
45206814.310705
43736797.477768
42314582.049318
40938613.644888
39607388.419305
38319451.434112
37073395.059871
35867857.440162
34701521.002080
33573111.020655
32481394.223593
31425177.429658
30403306.260742
29414663.884615
28458169.784786
27532778.565465
26637478.845214
25771292.122166
24933271.705345
24122501.692642
23338095.972380
22579197.238789
21844976.067318
21134630.003518
20447382.684827
19782482.996723
19139204.247316
18516843.369048
17914720.169841
17332176.567150
16768575.881648
16223302.132323
15695759.379095
15185371.043213
14691579.308192
14213844.494368
13751644.466090
13304474.073570
12871844.580041
12453283.165031
12048332.350948
11656549.568887
11277506.616590
10910789.230877
10555996.614841
10212741.001979
9880647.237416
9559352.354296
9248505.220239
8947766.079785
8656806.256927
8375307.737961
8102962.882159
7839474.020844
7584553.182015
7337921.761131
7099310.195081
6868457.707062
6645111.982837
6429028.930206
6219972.377021
6017713.840054
5822032.261876
5632713.778640
5449551.471986
5272345.171971
5100901.191873
4935032.160742
4774556.788452
4619299.680795
4469091.162660
4323767.067244
4183168.562886
4047141.980585
3915538.661661
3788214.762663
3665031.132440
3545853.131475
