185414380395923.687500
179390059950494.562500
173561476409353.656250
167922270061717.406250
162466287830913.500000
157187576560607.625000
152080376519168.218750
147139115115081.750000
142358400816561.093750
137733017268712.750000
133257917601843.578125
128928218924697.484375
124739196996612.468750
120686281072785.765625
116765048917021.578125
112971221976520.625000
109300660713445.968750
105749360088171.484375
102313445189284.687500
98989167005575.656250
95772898335398.656250
92661129828943.406250
89650466159097.125000
86737622316719.656250
83919420026289.265625
81192784278008.093750
78554739972583.359375
76002408675023.406250
73533005473906.500000
71143835942695.484375
68832293199782.882812
66595855064058.109375
64432081302893.773438
62338610969547.890625
60313159827076.765625
58353517855947.968750
56457546842633.679688
54623178046553.335938
52848409942819.992188
51131306038327.218750
49469992758793.898438
47862657404461.351562
46307546172211.937500
44802962241951.460938
43347263925167.015625
41938862873640.273438
40576222346361.765625
39257855532754.898438
37982323930380.445312
36748235775351.164062
35554244523743.992188
34399047382352.859375
33281383887179.050781
32200034528107.886719
31153819418271.292969
30141597006644.238281
29162262832470.316406
28214748320157.484375
27298019613328.988281
26411076446757.218750
25552951054949.746094
24722707116196.613281
23919438730926.671875
23142269433258.332031
22390351234666.042969
21662863698719.218750
20959013045883.835938
20278031287410.101562
19619175387361.031250
18981726451867.687500
18364988944726.394531
17768289928482.085938
17190978330169.720703
16632424230912.556641
16092018178602.167969
15569170522910.294922
15063310771906.843750
14573886969582.142578
14100365093594.158203
13642228472583.603516
13198977222421.089844
12770127700771.294922
12355211979378.902344
11953777333500.595703
11565385747925.935547
11189613439048.228516
10826050392463.796875
10474299915595.177734
10133978204850.115234
9804713926844.013672
9486147813228.972656
9177932268687.232422
8879730991661.408203
8591218607407.565430
8312080312970.852539
8042011533696.275391
7780717590899.760742
7527913380337.040039
7283323061119.375977
7046679754736.804688
6817725253860.420898
6596209740606.016602
6381891513951.655273
6174536726011.729492
5973919126879.792969
5779819817761.728516
5592027012129.891602
5410335804637.626953
5234547947541.980469
5064471634390.762695
4899921290737.765625
4740717371657.956055
4586686165841.580078
4437659606053.480469
4293475085750.810059
4153975281659.034180
4019007982112.637207
3888425920973.236816
3762086616943.878418
3639852218104.178223
3521589351496.729492
3407168977600.559570
3296466249532.968750
3189360376825.992676
3085734493628.975586
2985475531193.378418
2888474094500.647461
2794624342898.666016
2703823874616.383789
2615973615030.750000
2530977708563.940918
2448743414092.988281
2369181003757.661621
2292203665056.190918
2217727406122.019043
2145670964078.197021
2075955716369.481934
2008505594975.309570
1943247003410.126465
1880108736420.457031
1819021902291.070801
1759919847675.589600
1702738084869.328857
1647414221445.225830
1593887892175.882812
1542100693167.617188
1491996118134.531250
1443519496743.105713
1396617934960.061279
1351240257338.357666
1307336951178.454346
1264860112503.742432
1223763393791.351074
1184001953401.220215
1145532406648.309570
1108312778464.467529
1072302457598.434937
1037462152303.881226
1003753847467.237427
971140763128.453735
939587314349.495239
909059072386.739258
879522727124.908447
850946050731.603638
823297862492.734985
796547994790.443115
770667260186.498901
745627419575.159912
721401151370.783569
697962021696.596191
675284455542.012451
653343708857.121704
632115841553.865479
611577691384.378052
591706848668.144775
572481631840.190063
553881063793.835083
535884848992.021484
518473351322.398865
501627572671.831909
485329132197.119263
469560246269.210754
454303709069.022949
439542873813.770020
425261634593.245239
411444408796.269043
398076120108.107117
385142182060.347778
372628482115.231201
360521366267.135193
348807624144.330322
337474474594.825684
326509551740.564026
315900891484.666138
305636918457.128784
295706433384.676758
286098600870.927856
276802937573.639587
267809300766.076996
259107877270.030579
250689172748.417786
242544001345.789032
234663475665.393555
227038997071.944214
219662246309.413086
212525174423.695435
205619993980.215607
198939170566.845306
192475414572.922424
186221673235.394928
180171122943.344788
174317161792.619537
168653402382.293213
163173664845.248016
157871970105.154266
152742533352.543579
147779757732.889160
142978228239.704559
138332705806.134613
133838121588.451950
129489571435.318680
125282310536.771072
121211748247.021439
117273443075.482910
113463097840.571030
109776554980.932693
106209792019.035110
102758917172.110779
99420165105.803116
96189892825.648026
93064575702.155060
90040803624.979156
87115277282.079758
84284804559.737640
81546297059.591370
78896766728.788681
76333322599.650513
73853167635.277176
71453595677.613251
69131988494.710709
66885812923.899040
64712618107.799118
62610032820.124962
60575762878.371872
58607588640.612541
56703362583.542679
54861006959.305031
53078511528.390358
51353931366.213745
49685384740.959641
48071051060.397728
46509168885.356331
44998034007.802002
43535997591.321030
42121464372.043602
40752890917.997643
39428783945.048187
38147698687.525337
36908237321.808586
35709047441.127350
34548820579.934822
33426290786.178070
32340233240.004860
31289462917.324581
30272833296.808353
29289235108.888676
28337595125.404930
27416874988.576057
26526070078.025486
25664208414.614296
24830349599.898083
24023583790.024799
23243030702.982464
22487838658.124023
21757183646.833336
21050268433.463810
20366321685.456631
19704597131.696018
19064372748.254963
18444949970.574318
17845652931.236439
17265827722.497288
16704841682.823639
16162082706.559879
15636958576.048761
15128896315.440687
14637341565.502031
14161757978.771826
13701626634.309458
13256445471.481424
12825728742.189436
12409006480.814432
12005823991.462082
11615741351.798197
11238332933.071484
10873186935.670650
10519904939.828424
10178101470.877516
9847403578.649008
9527450430.532032
9217892917.787209
8918393274.611300
8628624709.568159
8348271049.061389
8077026392.323043
7814594777.632136
7560689859.411683
7315034595.754659
7077360946.166663
6847409579.091015
6624929588.931886
6409678222.305791
6201420613.154313
5999929526.478466
5804985110.404139
5616374656.282773
5433892366.614499
5257339130.489402
5086522306.328507
4921255511.693921
4761358419.928023
4606656563.380681
4456981143.054887
4312168844.419234
4172061659.214584
4036506713.046450
3905356098.577668
3778466714.158459
3655700107.649071
3536922325.397935
3422003766.045084
3310819039.120440
3203246828.234185
3099169758.708044
2998474269.487231
2901050489.256991
2806792116.531248
2715596303.685280
2627363544.720919
2541997566.704531
2459405224.725170
2379496400.246354
2302183902.780680
2227383374.768019
2155013199.505136
2084994412.127107
2017250613.407877
1951707886.418594
1888294715.879722
1826941910.124283
1767582525.601093
1710151793.819991
1654587050.700379
1600827668.185356
1548814988.092944
1498492258.110405
1449804569.868321
1402698799.034191
1357123547.340583
1313029086.508281
1270367303.994070
1229091650.472309
1189157089.061398
1150520046.185449
1113138364.018263
1076971254.482020
1041979254.756056
1008124184.205879
975369102.740991
943678270.478564
913017108.775464
883352162.485605
854651063.455773
826882495.212333
800016158.783706
774022739.655169
748873875.760493
724542126.567257
701000943.097364
678224638.988646
656188362.454381
634868069.175073
614240496.055722
594283135.839142
574974212.557503
556292657.773481
538218087.582188
520730780.380245
503811655.333157
487442251.572572
471604708.029210
456281743.981319
441456640.161435
427113220.532998
413235834.637803
399809340.520709
386819088.200326
374250903.701262
362091073.558879
350326329.884595
338943835.883700
327931171.836091
317276321.553139
306967659.263387
296993936.933616
287344271.991956
278008135.442258
268975340.408206
260236030.982344
251780671.481726
243600036.064194
235685198.636469
228027523.118323
220618654.038280
213450507.394957
206515261.846732
199805350.178645
193313451.041084
187032480.959178
180955586.615623
175076137.363423
169387717.987336
163884121.715818
158559343.432890
153407573.148147
148423189.642358
143600754.321581
138935005.315849
134420851.715211
130053368.010874
125827788.725763
121739503.242386
117784050.719724
113957115.270141
110254521.234176
106672228.612188
103206328.683787
99853039.717867
96608702.855024
93469778.124524
90432840.565422
87494576.503930
84651779.923992
81901348.978981
79240282.610300
76665677.263107
74174723.724788
71764704.046384
69432988.600766
67177033.196766
64994376.304267
62882636.372743
60839509.240085
58862765.588176
56950248.549514
55099871.324749
53309614.918325
51577525.949481
49901714.487450
48280352.011785
46711669.415288
45193955.067467
43725552.953512
42304860.867759
40930328.657433
39600456.535786
38313793.440864
37068935.469163
35864524.325239
34699245.845945
33571828.569747
32481042.333337
31425696.963985
30404640.948679
29416760.183307
28460976.766518
27536247.823235
26641564.352488
25775950.148697
24938460.718169
24128182.256011
23344230.648894
22585750.499471
21851914.225802
21141921.112387
20454996.463747
19790390.765229
19147378.850243
18525259.111538
17923352.735267
17341002.971777
16777574.401181
16232452.255207
15705041.732780
15194767.372400
14701072.398867
14223418.125332
13761283.369409
13314163.887201
12881571.820086
12463035.150253
12058097.207211
11666316.153634
11287264.499479
10920528.661867
10565708.477264
10222416.799072
9890279.051881
9568932.826629
9258027.503153
8957223.842307
8666193.630937
8384619.318393
8112193.668641
7848619.433338
7593609.015745
7346884.168022
7108175.689818
6877223.120672
6653774.455262
6437585.887636
6228421.530553
6026053.147518
5830259.942581
5640828.280915
5457551.467219
5280229.516403
5108668.957432
4942682.591541
4782089.308980
4626713.878452
4476386.773024
4330943.966361
4190226.753236
4054081.603236
3922359.959802
3794918.101280
3671616.967297
3552322.026793
3436903.115005
3325234.287858
3217193.709144
3112663.489937
3011529.572637
2913681.610157
2819012.839256
2727419.962742
2638803.033636
2553065.375748
2470113.424195
