215210589503597.718750
208221948706145.218750
201460253526510.562500
194918134246469.468750
188588460468333.093750
182464333343372.500000
176539078052613.937500
170806236531808.968750
165259560432650.031250
159893004312560.156250
154700719045634.093750
149677045447549.000000
144816508107496.812500
140113809420415.046875
135563823813012.468750
131161592157295.375000
126902316365506.468750
122781354160584.984375
118794214016448.250000
114936550262580.000000
111204158347589.750000
107592970256581.171875
104099050077334.281250
100718589710469.562500
97447904718917.625000
94283430312171.468750
91221717460943.968750
88259429137996.109375
85393336681038.484375
82620316273742.375000
79937345541024.562500
77341500254895.093750
74829951147277.859375
72399960826329.921875
70048880792898.804688
67774148553865.773438
65573284829229.046875
63443890849882.789062
61383645743146.539062
59390304003195.812500
57461693043636.593750
55595710829556.296875
53790323586470.320312
52043563583667.148438
50353526989535.945312
48718371796539.218750
47136315813568.828125
45605634723497.265625
44124660203807.007812
42691778108249.632812
41305426707552.820312
39964094987257.695312
38666321000831.507812
37410690276260.265625
36195834274385.132812
35020428897301.832031
33883193045197.644531
32782887220052.980469
31718312174685.542969
30688307605664.859375
29691750888672.386719
28727555854928.925781
27794671607355.718750
26892081375178.910156
26018801405729.054688
25173879892227.730469
24356395936392.695312
23565458544730.867188
22800205657425.210938
22059803208757.023438
21343444218039.628906
20650347910072.640625
19979758864158.105469
19330946190751.140625
18703202734847.527344
18095844305240.160156
17508208928804.205078
16939656128998.240234
16389566227794.968750
15857339670280.689453
15342396371187.439453
14844175082645.429688
14362132782466.845703
13895744082294.173828
13444500654968.041016
13007910680490.433594
12585498309979.392578
12176803147031.005859
11781379745923.390625
11398797126115.716797
11028638302513.193359
10670499830985.966797
10323991368646.611328
9988735248406.931641
9664366067350.437500
9350530288471.755859
9046885855349.023438
8753101819329.128906
8468857978819.614258
8193844530294.027344
7927761730630.310547
7670319570414.307617
7421237457852.183594
7180243912947.363281
6947076271608.569336
6721480399366.576172
6503210414387.487305
6292028419480.835938
6087704242810.247070
5890015187024.186523
5698745786533.260742
5513687572669.623047
5334638846472.432617
5161404458851.795898
4993795597891.532227
4831629583058.976562
4674729666097.498047
4522924838384.757812
4376049644546.684082
4233944002124.078125
4096453027095.271973
3963426865064.675781
3834720527933.215820
3710193735872.669434
3589710764431.621582
3473140296606.464844
3360355279716.139648
3251232786924.637695
3145653883260.434570
3043503495986.617676
2944670289180.657715
2849046542386.955566
2756528033210.000000
2667013923720.093262
2580406650547.917480
2496611818548.093750
2415538097915.885742
2337097124644.851074
2261203404216.989746
2187774218420.419922
2116729535193.009521
2047991921393.689453
1981486458406.392334
1917140660484.643066
1854884395747.749512
1794649809742.565918
1736371251487.428955
1679985201917.752197
1625430204655.206543
1572646799025.086914
1521577455248.828613
1472166511741.054443
1424360114442.812988
1378106158124.864990
1333354229597.060547
1290055552761.908936
1248162935452.470459
1207630717996.573730
1168414723451.355225
1130472209453.825439
1093761821635.093140
1058243548547.288330
1023878678054.258667
990629755138.347900
958460541077.370239
927335973947.231323
897222130407.179932
868086188726.035156
839896393009.064209
812622018586.515991
786233338526.200195
760701591233.394409
735998949102.983521
712098488189.568726
688974158862.442627
666600757413.550659
644953898587.411743
624009989003.125000
603746201439.399658
584140449954.685791
565171365815.224854
546818274204.818726
529061171690.879944
511880704422.259827
495258147035.070923
479175382243.503235
463614881093.413269
448559683857.118591
433993381548.631226
419900098039.153687
406264472753.334351
393071643927.444336
380307232411.217224
367957325995.706543
356008464250.068542
344447623850.741455
333262204387.035034
322440014627.689819
311969259233.371826
301838525900.690063
292036772923.677429
282553317159.174438
273377822383.062958
264500288024.589661
255911038266.521057
247600711499.269135
239560250117.448914
231780890647.823761
224254154197.787994
216971837214.031555
209926002541.351929
203108970771.720581
196513311874.359406
190131837097.603333
183957591133.686005
177983844538.022339
172204086394.639771
166612017219.783020
161201542095.977509
155966764029.046600
150901977520.843262
146001662350.699646
141260477558.840057
136673255625.141418
132234996836.917938
127940863839.668289
123786176364.700897
119766406128.033997
115877171894.893066
112114234704.552155
108473493250.150131
104950979408.620056
101542853915.724915
98245402181.581604
95055030242.022430
91968260841.478821
88981729643.033203
86092181561.561295
83296467215.947449
80591539496.491531
77974450243.797974
75442347035.543716
72992470077.511627
70622149195.688354
68328800925.927711
66109925698.208603
63963105112.300491
61885999301.888710
59876344384.299812
57931949993.058174
56050696890.539719
54230534658.194496
52469479461.724777
50765611888.877769
49117074857.436867
47522071591.133942
45978863661.320068
44485769092.203369
43041160527.627373
41643463457.386078
40291154501.134995
38982759748.008835
37716853150.191719
36492054968.625374
35307030269.209824
34160487467.826057
33051176922.615311
31977889571.941727
30939455616.648804
29934743245.049179
28962657399.339981
28022138582.074230
27112161701.388870
26231734953.748753
25379898742.953648
24555724634.238274
23758314342.364555
22986798752.559612
22240336973.256641
21518115419.568832
20819346926.565922
20143269891.306419
19489147442.763382
18856266638.707859
18243937688.609276
17651493201.875076
17078287460.408264
16523695714.845901
15987113503.605061
15467955994.107191
14965657345.309839
14479670091.031334
14009464543.222584
13554528214.653128
13114365260.360399
12688495937.186876
12276456080.925961
11877796600.392012
11492082987.980968
11118894846.065367
10757825428.790064
10408481198.760109
10070481398.133457
9743457633.591566
9427053474.839128
9120924066.121885
8824735750.360949
8538165705.485127
8260901592.586113
7992641215.494143
7733092191.413144
7481971632.223434
7239005836.186504
7003929989.606741
6776487878.225638
6556431607.954916
6343521334.687168
6137525002.901201
5938218092.726008
5745383375.238701
5558810675.697747
5378296644.473502
5203644535.405437
5034663991.368961
4871170836.814329
4712986876.993439
4559939703.790693
4411862507.765363
4268593896.371824
4129977718.047308
3995862892.003133
3866103243.591865
3740557344.947761
3619088360.887007
3501563899.721379
3387855868.992147
3277840335.851714
3171397391.980523
3068411022.908338
2968768981.553267
2872362665.903536
2779087000.618890
2688840322.529093
2601524269.821682
2517043674.837205
2435306460.346099
2356223539.179443
2279708717.146915
2205678599.093023
2134052497.981952
2064752346.976166
1997702614.333954
1932830221.092922
1870064461.426764
1809336925.574236
1750581425.275204
1693733921.639738
1638732455.338959
1585517079.091055
1534029792.289403
1484214477.827512
1436016840.914004
1389384349.899858
1344266179.024978
1300613153.016937
1258377693.488142
1217513767.099311
1177976835.369941
1139723806.146232
1102712986.609533
1066904037.877229
1032257930.997879
998736904.421855
966304422.856771
934925137.439171
904564847.205157
875190461.818921
846769965.493213
819272382.120880
792667741.481549
766927046.611402
742022242.158557
717926183.841107
694612608.843733
672056107.199016
650232094.080683
629116783.020309
608687159.981291
588920958.283031
569796634.313082
551293344.051166
533390920.355537
516069850.992606
499311257.355706
483096873.887207
467409028.177686
452230621.710056
437545111.200751
423336490.602004
409589273.625897
396288476.884332
383419603.546261
370968627.549136
358921978.307953
347266525.906823
335989566.831274
325078810.072486
314522363.757189
304308722.184977
294426753.292421
284865686.495904
275615100.988241
266664914.365031
258005371.615013
249627034.510341
241520771.320734
233677746.871735
226089412.858589
218747498.607175
211644001.988292
204771180.759846
198121544.084759
191687844.377418
185463069.408348
179440434.665669
173613375.936896
167975542.193458
162520788.640975
157243170.020147
152136934.141012
147196515.609101
142416529.752986
137791766.755837
133317185.998763
128987910.528626
124799221.785994
120746554.415998
116825491.337400
113031758.894862
109361222.217899
105809880.709787
102373863.686071
99049426.157625
95832944.746662
92720913.742079
89709941.273718
86796745.607706
83978151.603382
81251087.199526
78612580.125583
76059754.605423
73589828.265129
71200109.066078
68887992.412455
66650958.280903
64486568.473644
62392463.974191
60366362.373982
58406055.386848
56509406.418973
54674348.276921
52898880.897215
51181069.156467
49519040.778190
47910984.270201
46355146.982901
44849833.179845
43393402.176650
41984266.586038
40620890.561599
39301788.123154
38025521.559748
36790699.829991
35595977.085963
34440051.166319
33321662.208162
32239591.250515
31192658.924737
30179724.154937
29199682.916098
28251467.044359
27334043.056670
26446411.039030
25587603.540112
24756684.529585
23952748.362033
23174918.815519
22422348.116817
21694216.021692
20989728.921456
20308118.980690
19648643.304959
19010583.110207
18393242.957672
17795950.000858
17218053.238157
16658922.802614
16117949.293862
15594543.086767
15088133.710721
14598169.219056
14124115.589504
13665456.137253
13221690.963110
12792336.399114
12376924.476321
11975002.440290
11586132.208380
11209889.960650
10845865.610601
10493662.403962
10152896.469212
9823196.395187
9504202.831891
9195568.108494
8896955.834740
8608040.552160
8328507.358348
8058051.585504
7796378.449358
7543202.759113
7298248.574897
7061248.901796
6831945.441617
6610088.268675
6395435.570206
6187753.400153
5986815.397226
5792402.555459
5604302.976280
5422311.645857
5246230.214690
5075866.754831
4911035.597065
4751557.091235
4597257.403667
4447968.367388
4303527.268864
4163776.674042
4028564.275110
3897742.695850
3771169.351879
3648706.284741
3530220.018046
3415581.419953
3304665.541185
3197351.486688
3093522.294747
2993064.800164
2895869.511175
