1.827892
170272101697176.500000
151287304707721.656250
134420567433329.640625
119435093458817.687500
106119866145874.250000
94290213003979.171875
83779231455661.671875
74439795764917.187500
66141804495224.906250
58768787168303.992188
52217678672101.273438
46395021191522.742188
41220651059711.554688
36625732935130.859375
32541471446826.417969
28912130249594.175781
25686339161578.125000
22819346108792.457031
20269681235752.488281
18005358896131.351562
15991313471163.867188
14207504828035.439453
12620871128390.199219
11209739686616.431641
9956210204720.556641
8845471565397.361328
7860764628193.858398
6988012910488.727539
6213999386101.245117
5526727442109.614258
4916862257430.619141
4376126734227.987305
3895047227515.835449
3473959767322.161621
3098810813753.500488
2768961405328.026367
2477737097334.763672
2221093671704.157715
1994938855229.491699
1795908117799.290771
1623980089320.584229
1474936342247.715820
1347932682705.184326
1240413410827.249512
1149396385481.359619
1073849312618.370972
1012638512879.075195
962216961406.794556
925152434976.052490
897655227388.022461
876314894696.408569
862390682343.039795
853375189385.534668
847240765905.546265
842080029640.836792
840415442382.134521
840891184695.975708
841674834979.964233
843906571278.192505
844202182253.218018
849080857180.640503
849740663246.909546
848419685026.134277
849262134325.963501
848824012462.451294
851682585692.295288
855303178358.000244
858691668073.488281
863057729959.583496
867796550831.348999
869428189796.283569
872934126555.685181
878386791532.806396
882661941980.928223
887186279525.367310
891093992031.324585
895568546607.261230
898206305580.825439
902415805736.499390
908883975368.406250
919070363823.817871
930531621814.638550
941748225845.456421
952724509242.964722
964169412643.823120
976235233468.653564
987823720138.055664
1000745375666.869995
1015186069797.461304
1025998173251.810669
1034945316237.494995
1043768051991.891479
1051832238316.836914
1057952836336.554077
1068070939817.427612
1080726341866.224243
1095518940054.438599
1106538607635.288086
1118130055493.811523
1130377271747.551758
1141301534188.709717
1150736951679.541992
1158218117922.356934
1166758516004.372559
1175777193925.657227
1185783927923.606445
1195679922146.580566
1203423503768.904785
1210409951693.293457
1220960274079.256104
1231319537444.142090
1241139271468.555176
1250338547173.841309
1258878406117.058350
1266749370098.403564
1273962202418.496582
1280541125415.389404
1286518880191.165039
1291933160753.297852
1296824069308.202393
1301232327374.239502
1305198044111.753174
1308759893551.343018
1311954590134.410889
1314816580232.313232
1317377888441.464355
1319668073252.044922
1321714258501.934082
1323541215861.710205
1325171480202.621826
1326625484636.724121
1327921705704.941406
1329076811938.463623
1330105811062.362061
1331022192625.797607
1331838063960.129395
1332564278183.644043
1333210553566.001465
1333785583989.744385
1334297140545.787109
1334752164505.595703
1335156852047.999023
1335516731203.943848
1335836731529.524902
1336121247037.875244
1336374192921.999756
1336599056588.336182
1336798943500.061279
1336976618302.245361
1337134541671.391113
1337274903300.321289
1337399651397.336182
1337510519047.742432
1337609047755.341309
1337696608453.190674
1337774420245.744629
1337843567119.696777
1337905012837.707764
1337959614207.831055
1338008132901.980713
1338051245979.354004
1338089555254.229248
1338123595633.387695
1338153842534.875732
1338180718488.521484
1338204599007.207764
1338225817809.023926
1338244671461.432617
1338261423510.984131
1338276308155.248291
1338289533507.402100
1338301284498.478027
1338311725457.394287
1338321002404.210205
1338329245088.596436
1338336568801.676270
1338343075986.228027
1338348857667.841064
1338353994726.821533
1338358559028.426514
1338362614427.413086
1338366217660.624756
1338369419140.232178
1338372263658.561523
1338374791014.461914
1338377036569.880859
1338379031744.423828
1338380804454.758057
1338382379505.158203
1338383778934.433350
1338385022324.203857
1338386127072.853516
1338387108638.931152
1338387980757.418701
1338388755631.868652
1338389444105.166504
1338390055811.221924
1338390599309.754883
1338391082206.112549
1338391511257.580811
1338391892468.057617
1338392231171.974365
1338392532108.969727
1338392799490.185059
1338393037057.240234
1338393248134.516357
1338393435675.727051
1338393602305.258301
1338393750354.806641
1338393881896.177734
1338393998770.051514
1338394102611.957520
1338394194874.987061
1338394276850.250000
1338394349684.895264
1338394414398.133789
1338394471895.542480
1338394522981.728027
1338394568371.550537
1338394608700.195312
1338394644532.016602
1338394676368.426514
1338394704654.916504
1338394729787.301025
1338394752117.322754
1338394771957.427979
1338394789585.256836
1338394805247.505859
1338394819163.335205
1338394831527.484131
1338394842512.953125
1338394852273.498291
1338394860945.686768
1338394868650.879150
1338394875496.907959
1338394881579.553223
1338394886983.962158
1338394891785.757812
1338394896052.112305
1338394899842.738281
1338394903210.704590
1338394906203.114746
1338394908861.845703
1338394911224.117432
1338394913322.985596
1338394915187.808105
1338394916844.710693
1338394918316.869141
1338394919624.873047
1338394920787.035645
1338394921819.609131
1338394922737.058105
1338394923552.208740
1338394924276.468506
1338394924919.958984
1338394925491.702148
1338394925999.701660
1338394926451.074219
1338394926852.093262
1338394927208.401367
1338394927524.969482
1338394927806.235840
1338394928056.165283
1338394928278.219727
1338394928475.516357
1338394928650.820801
1338394928806.582031
1338394928944.972656
1338394929067.950684
1338394929177.211426
1338394929274.282471
1338394929360.537598
1338394929437.188477
1338394929505.290283
1338394929565.825439
1338394929619.604736
1338394929667.393799
1338394929709.862305
1338394929747.598389
1338394929781.135498
1338394929810.949219
1338394929837.419678
1338394929860.941162
1338394929881.837646
1338394929900.411621
1338394929916.912842
1338394929931.572510
1338394929944.592773
1338394929956.174561
1338394929966.479492
1338394929975.632568
1338394929983.781250
1338394929991.016846
1338394929997.457520
1338394930003.177734
1338394930008.262207
1338394930012.789795
1338394930016.812256
1338394930020.388184
1338394930023.565918
1338394930026.400635
1338394930028.909180
1338394930031.159180
1338394930033.163574
1338394930034.954346
1338394930036.551270
1338394930037.965088
1338394930039.229980
1338394930040.360840
1338394930041.367676
1338394930042.257568
1338394930043.050537
1338394930043.739990
1338394930044.355957
1338394930044.891602
1338394930045.354980
1338394930045.765625
1338394930046.109619
1338394930046.407959
1338394930046.667236
1338394930046.897217
1338394930047.079346
1338394930047.255127
1338394930047.394287
1338394930047.508789
1338394930047.606689
1338394930047.689941
1338394930047.754150
1338394930047.812744
1338394930047.859375
1338394930047.898682
1338394930047.919922
1338394930047.923340
1338394930047.919678
1338394930047.909424
1338394930047.893311
1338394930047.871338
1338394930047.853271
1338394930047.829346
1338394930047.805420
1338394930047.787842
1338394930047.764648
1338394930047.745361
1338394930047.723145
1338394930047.701660
1338394930047.687744
1338394930047.665771
1338394930047.633057
1338394930047.613770
1338394930047.598389
1338394930047.579590
1338394930047.559082
1338394930047.543945
1338394930047.524170
1338394930047.501465
1338394930047.473389
1338394930047.454834
1338394930047.424561
1338394930047.401367
1338394930047.367188
1338394930047.333008
1338394930047.297119
1338394930047.262939
1338394930047.220459
1338394930047.184814
1338394930047.153320
1338394930047.124023
1338394930047.102539
1338394930047.066895
1338394930047.047607
1338394930047.029785
1338394930047.015137
1338394930046.989258
1338394930046.979004
1338394930046.962891
1338394930046.954346
1338394930046.932129
1338394930046.924805
1338394930046.911865
1338394930046.908691
1338394930046.898193
1338394930046.887451
1338394930046.863770
1338394930046.851318
1338394930046.839600
1338394930046.831055
1338394930046.820801
1338394930046.801514
1338394930046.790771
1338394930046.784424
1338394930046.792725
1338394930046.792480
1338394930046.799072
1338394930046.802734
1338394930046.799072
1338394930046.793457
1338394930046.789795
1338394930046.804688
1338394930046.812500
1338394930046.819336
1338394930046.824463
1338394930046.830566
1338394930046.830322
1338394930046.822510
1338394930046.828369
1338394930046.834961
1338394930046.843506
1338394930046.853027
1338394930046.866699
1338394930046.878906
1338394930046.897461
1338394930046.903320
1338394930046.924316
1338394930046.930420
1338394930046.925537
1338394930046.930420
1338394930046.930176
1338394930046.927246
1338394930046.925537
1338394930046.921387
1338394930046.926514
1338394930046.932861
1338394930046.948486
1338394930046.946045
1338394930046.952881
1338394930046.958740
1338394930046.958252
1338394930046.973877
1338394930046.983154
1338394930046.987793
1338394930046.986084
1338394930046.992188
1338394930046.993896
1338394930047.007568
1338394930047.009521
1338394930047.001953
1338394930046.997803
1338394930046.996338
1338394930047.004639
1338394930047.008301
1338394930047.014160
1338394930047.033447
1338394930047.029785
1338394930047.026123
1338394930047.031006
1338394930047.026855
1338394930047.024170
1338394930047.036865
1338394930047.021729
1338394930047.025879
1338394930047.008057
1338394930046.994385
1338394930046.983643
1338394930046.978271
1338394930046.983154
1338394930046.982910
1338394930046.976318
1338394930046.969971
1338394930046.968018
1338394930046.968506
1338394930046.957031
1338394930046.965332
1338394930046.962402
1338394930046.971436
1338394930046.987061
1338394930046.990967
1338394930047.005127
1338394930047.018555
1338394930047.030273
1338394930047.044434
1338394930047.051758
1338394930047.048584
1338394930047.056152
1338394930047.055420
1338394930047.073242
1338394930047.072998
1338394930047.086670
1338394930047.086670
1338394930047.082520
1338394930047.079102
1338394930047.073486
1338394930047.054688
1338394930047.050781
1338394930047.044434
1338394930047.037354
1338394930047.029053
1338394930047.016602
1338394930046.995605
1338394930046.980713
1338394930046.949463
1338394930046.928955
1338394930046.905273
1338394930046.890381
1338394930046.882568
1338394930046.879883
1338394930046.881836
1338394930046.897217
1338394930046.903564
1338394930046.906006
1338394930046.916748
1338394930046.922607
1338394930046.923096
1338394930046.938965
1338394930046.938721
1338394930046.948486
1338394930046.956787
1338394930046.962891
1338394930046.982910
1338394930047.013184
1338394930047.037354
1338394930047.069336
1338394930047.084473
1338394930047.093994
1338394930047.114502
1338394930047.142578
1338394930047.165283
1338394930047.182861
1338394930047.201172
1338394930047.203369
1338394930047.212402
1338394930047.223633
1338394930047.231934
1338394930047.240967
1338394930047.245361
1338394930047.251953
1338394930047.253906
1338394930047.249756
1338394930047.238281
1338394930047.224609
1338394930047.204834
1338394930047.172363
1338394930047.154053
1338394930047.125000
1338394930047.096191
1338394930047.072510
1338394930047.044678
1338394930047.009521
1338394930046.984863
1338394930046.966064
1338394930046.937988
1338394930046.916748
1338394930046.897461
1338394930046.869141
1338394930046.852539
1338394930046.830566
1338394930046.813965
1338394930046.787354
1338394930046.772217
0.000000
