228226021022934.531250
196486130525798.156250
169683289053323.406250
143485731988259.156250
121710455912653.921875
106031610943022.625000
91064224176185.609375
76372591111406.156250
68719329677982.375000
59608867205326.523438
50839013499173.054688
45872558529029.992188
42706594432488.656250
39990356343009.507812
34729200423943.000000
35225779484787.929688
30930425745441.621094
29322825237708.199219
28725674964412.671875
28141882668439.371094
23671210005541.707031
23416447108896.031250
24176991181783.667969
24419011962217.417969
25183179833861.402344
26956277828929.917969
27642646066176.707031
24766098453177.773438
23447820506502.867188
24931867863333.128906
26881749921660.285156
26900223793631.535156
25825880230269.593750
26272815991939.292969
23455719003563.804688
20811452741917.976562
21868049208477.699219
21390786088937.675781
25263151701319.765625
24212336581953.636719
25337695474062.148438
23233096472878.152344
22174599135343.105469
20802293514545.691406
20077733655010.085938
19290621469418.468750
21754753585517.007812
22887438899232.035156
23077610061961.402344
22176627168226.777344
24082495921492.886719
23584656458793.796875
22538189620190.417969
22388905646131.929688
24735264201471.097656
25220720808686.847656
26314357531201.925781
23773576199602.863281
24025361686535.277344
24774271418696.808594
24576714550589.976562
25121727476822.136719
26077571955249.906250
26797466161160.082031
25229499515328.335938
25475772663344.257812
26857215483532.941406
25129516571555.453125
23336034415138.230469
24511858463220.804688
23958019351820.804688
26475960692585.570312
22747663247272.117188
24702437194051.722656
22985418001843.269531
26195566562906.003906
22079747618168.289062
23348213351857.207031
22618883044234.542969
21931473562647.914062
22008354323353.097656
21994815368667.800781
26475427274162.566406
25849771482436.812500
24517019498067.265625
24954314382480.816406
24705009110069.898438
22486656205156.789062
24395060512940.980469
25098174651231.492188
25589211127277.472656
25283452016040.695312
27294876527837.480469
24709483899102.121094
24580527362684.019531
22897988381370.503906
20953574853898.496094
20395489651586.425781
21498804823627.281250
17993931107896.433594
20057753195762.511719
21104269372685.660156
21764640122029.250000
23451490605183.644531
24296962289557.757812
24665323836658.054688
24306062961765.660156
23671280998316.421875
27691866735182.746094
28093483404974.796875
25157068319442.238281
26482783400823.269531
26851254144159.027344
24997683843047.570312
26943230794982.152344
26298050940151.128906
27058168629000.140625
25260308815636.378906
23363535583981.968750
23417002547313.039062
23278761595059.093750
22212116364164.703125
21792603265210.960938
22185420497597.476562
23225405902918.246094
23561674506147.394531
21865113715210.386719
23773758686567.507812
21908252693468.023438
20323976263403.648438
21464966973440.398438
22744858942941.492188
20693737455678.617188
19942298330596.324219
20650690030311.378906
19804133144605.347656
20049663553379.550781
24449293437427.953125
24802499179926.914062
25059942493581.089844
21110367540587.511719
23293588785394.660156
26012285419739.261719
26109941181248.007812
26572855987282.234375
23205079294815.613281
21407983226439.109375
21754427839004.929688
23249658701598.113281
22443371321321.546875
22456054895563.628906
21661381096968.039062
23063546812342.042969
24167968041238.027344
24587617501157.695312
23931892256728.191406
23919031924270.019531
23603327110060.382812
24323942386048.125000
26602935209584.078125
23401465515039.289062
22644746117968.113281
24942151529838.417969
25716229205286.316406
23245487823573.539062
22943820707923.558594
24727041079195.550781
25831087196777.437500
24376069642970.148438
24325648103636.425781
23491903761915.546875
24838511484239.667969
23088832742147.085938
25997429878932.910156
26052639047149.988281
24454144466474.046875
23137273140484.906250
21927170538967.957031
21388005935330.843750
23377727417563.320312
25247086416969.187500
22300341874487.625000
21723592842672.199219
21236561717714.160156
21450060126337.582031
24104262685678.777344
27666570824858.410156
28261773610310.402344
26792403163006.617188
23917390476790.164062
25523251722219.214844
24226398024039.832031
24274024290159.230469
26001056398492.539062
25331130556028.757812
27039603454420.234375
26889636407468.851562
26341272291005.914062
24964049862465.593750
23447991872469.679688
24188727030907.093750
24444094744668.394531
25807756924590.812500
27892957009228.808594
26134600653525.136719
24432628080677.175781
21738852079726.894531
22079540301037.468750
21644401815814.195312
24896631316422.816406
22545092780247.738281
23149409389494.324219
21174624731375.945312
22278469165483.343750
23670788539400.699219
26704074368516.023438
25677767007870.199219
26995649601763.808594
26940444563575.644531
25921880291508.937500
23850662173753.277344
23342227819345.437500
24940328175226.683594
22927620430246.527344
24385103491621.261719
22539426761024.429688
22182442265305.558594
21882801760029.023438
20855821437715.042969
22854080297242.617188
25963401548375.113281
23318855647494.207031
24515220742975.609375
26090699602187.355469
26338275731196.648438
24450362183432.550781
24164577371463.214844
24520991284158.437500
26058726212237.843750
25759121269233.308594
27803645707798.722656
28166988969762.617188
29519935879376.507812
26743108188023.929688
26179966634116.253906
24869618959083.945312
24138606069068.921875
25765097200826.648438
24285673410098.234375
22969026459248.515625
21990148125608.445312
23471484936786.023438
24662726150980.750000
26095393069613.648438
24995270904516.984375
25100803494987.292969
25975468065635.648438
26191023148850.429688
25236145258520.453125
26315822065751.636719
26449167811147.871094
25891770876450.132812
24043138567176.796875
23801979726135.371094
23801770172771.648438
21018447468930.988281
21750129070664.179688
21561405845959.046875
23715722426032.484375
23386216015645.132812
26259503193889.304688
26367330056141.773438
26775992091724.621094
24742029616294.855469
23638262583959.214844
23471610422294.562500
24120988141702.296875
23690283826084.464844
24022591309460.343750
22999455983670.792969
23253160892533.898438
21648336348423.492188
22458034868290.351562
21390215080970.902344
22650427495099.910156
24727778976598.523438
24239067494774.003906
26125420368463.007812
26613365910082.535156
25994700392906.562500
24866470651462.402344
24709873051536.441406
24935734501678.199219
24685660353325.468750
24317808088825.820312
25856246949645.421875
28597084178487.292969
29137358856532.335938
29163890931835.996094
28352105930949.906250
27731504474217.734375
25688751264228.722656
23571998533889.914062
25462116406260.687500
23896677115727.347656
21537125399674.734375
22939044791116.640625
23696549923152.515625
23035151597799.519531
21761729290564.781250
23711647465502.449219
22790992669117.687500
24583359610465.324219
23716218439259.933594
24826889179124.132812
26257103318141.296875
26140123767265.312500
25131597633126.945312
25561932804446.128906
23566277761092.039062
24602605627976.199219
25681298904436.167969
26239342526254.722656
23489049840242.191406
23601253498079.773438
26186324340671.839844
27488100167903.144531
24492901135418.566406
25024774842040.382812
25504066403836.382812
24650399170801.027344
24160223589581.152344
23716532070253.835938
24506318898253.367188
23691407363339.160156
21175271038640.839844
21931088221124.621094
24352529346443.984375
25355880012124.238281
25817530889668.660156
25154184835358.511719
25111820649997.894531
25181826206142.949219
24739268462580.312500
24347555046377.382812
23421969745150.984375
24299234282482.957031
25943634042812.203125
25456050540912.535156
24441744556408.882812
26221712197263.582031
24262117843885.878906
24496492885293.910156
23099840830058.617188
20325128120138.265625
18971710037806.167969
21372504750416.492188
23643352252622.011719
25685472748200.089844
24173846141271.699219
24223574416065.273438
23052048203513.000000
23883541120689.832031
21605020291565.925781
23873588975317.328125
21719282072520.625000
22767243409908.359375
23917505808422.726562
26554625890040.593750
23364649755613.695312
22648721810276.144531
24108419537396.621094
22911954153159.140625
23066873384889.300781
21074691061096.632812
23894883486435.609375
23117080463897.394531
23788940010185.351562
26297398829079.589844
24662373573034.765625
21631195612709.828125
21389829749478.023438
21956296432011.519531
23389860558082.179688
23245135440455.195312
24126336380394.292969
24444157163381.628906
22955635898839.292969
20380859029454.691406
18614895510325.308594
18179637758567.941406
19874352486314.269531
21964406496083.519531
20947504526825.027344
22441823695824.964844
25869797324418.203125
25492829091918.691406
23065792707923.980469
24029742716297.968750
25495909473481.355469
25241544216639.359375
21155077345184.359375
18357486453316.558594
21987344945681.039062
19750128547021.808594
23526209315206.089844
23945816718258.957031
23932824013619.531250
22989167153706.527344
22934162696157.949219
21230442432500.031250
21572088391443.171875
22766664375209.253906
23769309042352.585938
24178474582702.199219
22955533148112.187500
22093333378072.964844
23017023415337.597656
21683557162685.742188
21608117326851.367188
19982463900011.597656
21326833488710.242188
21619823537466.261719
24247846831352.980469
24243515646744.988281
24228317741379.128906
23625238833471.433594
20076491812818.035156
23053240640449.113281
25992220722792.718750
25230276536091.882812
25307803104023.496094
21024678516692.855469
20947270827791.628906
20178174877346.859375
20789615005650.109375
21512644808487.027344
22955022225344.753906
24670046400532.542969
27589404257496.242188
27257918811917.707031
24079858461729.324219
23195732088211.703125
23395762214115.796875
24593879615727.328125
28063144962361.339844
28085785443687.062500
26303454864467.195312
25490160959430.691406
25245967473227.476562
23825616764992.187500
23597855740486.527344
20888595057468.679688
20295421210085.050781
20784243659516.234375
19378091252047.386719
20856300625313.343750
19936914064747.171875
22796908826311.894531
25174345558568.210938
24169712458647.742188
22901759499693.214844
24501726622345.882812
24113389443033.097656
27661692733449.054688
27347154645411.582031
27416409810544.804688
27837441231047.261719
27887275834208.207031
30102446548216.597656
27692744601841.296875
28323527307642.949219
25305245077449.750000
23612161735551.058594
23317060713827.816406
24587829167247.781250
25582350385158.000000
27030412797457.953125
26571127199757.988281
23797371196527.183594
21905067298935.167969
20789088720971.531250
19925972337945.175781
20243864780568.765625
19947945111492.867188
23228796406183.781250
22972989429970.125000
23705512853037.980469
24917183978634.320312
25921712206427.144531
24574333061001.031250
24308046242431.378906
23214351859044.960938
25788002640179.703125
25438403173974.710938
25159317393542.457031
24199859477620.957031
22371656459859.941406
24321701415653.578125
23085660937653.753906
22664790869164.179688
21733389100977.125000
22390747985340.488281
26940581678513.792969
25881896269969.933594
23937668281008.652344
21817354345636.156250
22550860730913.945312
19962909299309.468750
20214771156622.675781
21683770418254.242188
22368736628439.738281
23752217492605.250000
21732787426912.527344
22433423340581.257812
20089364036648.644531
24157696698962.085938
23457861038212.453125
24148078622368.488281
22765492171021.765625
22813031717657.691406
23131112235943.496094
23370840472951.386719
20578151165191.359375
20595545690100.179688
20853574593360.488281
21412884653043.937500
22429530814167.304688
24853361438538.937500
23586357130651.523438
22267624864020.398438
21361988163563.675781
22044511980656.246094
21855068016300.691406
21322206641719.531250
23091497545958.808594
26632864557160.980469
25382936161760.843750
25616907698857.871094
25117969555761.359375
22916360914142.945312
22968120557140.617188
23497092550225.644531
21065765024951.460938
21404247595667.660156
23007861461406.488281
23582939309089.746094
22860540625322.976562
23299345057364.527344
24143481572545.515625
