1.970532
182787159576320.406250
145871950195607.843750
116407057511789.750000
92872911342825.687500
74098830219427.875000
59129961663492.695312
47197002548123.765625
37695119104959.007812
30108046142984.070312
24041680752493.511719
19181549840175.253906
15306696425834.667969
12213888911441.585938
9764934726901.820312
7816877040596.925781
6300715474036.429688
5102715320058.407227
4184788265918.002441
3485638369531.261719
2956604627167.262207
2554834738596.472656
2256558872590.848145
2035924223099.444824
1890356060040.559570
1799316069014.682373
1771916105410.079834
1771435387275.688721
1794611925132.389648
1807219713816.415283
1815027553547.815186
1828572999209.402832
1847434800633.912109
1870977019055.982910
1911437542436.161133
1943162223642.465332
1987682121717.011230
2044523470246.000732
2064481624266.389648
2083966965395.930176
2094984462383.253174
2111646869897.754883
2138521183663.782227
2157450086648.569336
2192272883989.038086
2217304511773.972168
2234527013002.936523
2238137351903.673828
2254130461697.580566
2257187539154.905273
2264542078031.222168
2275668402002.533691
2284592157356.158203
2293445469444.612305
2315421973977.435547
2352170199118.205566
2389472493337.192871
2446486278438.701660
2490363704740.850098
2546882603728.408691
2584353338829.364746
2623521158491.947754
2658004008082.051758
2693044368394.689453
2726891753620.151367
2765875249243.040527
2792754737357.120605
2821207343384.147949
2844413618108.107910
2865660476414.200684
2883370978344.711426
2906091071721.882324
2928704581186.607910
2962201767871.068359
2972094963911.312012
2984229681350.317383
3008755524963.366211
3043395662607.076172
3068390368413.737793
3101620391054.495605
3138264373234.512207
3166418378704.281250
3201237721630.715332
3214968409481.155762
3234030933412.851562
3266256414292.995605
3287212434886.757812
3320675458108.709473
3348971523655.670898
3372686491172.793945
3407148734958.984863
3448134461918.017090
3491869851821.624023
3533932001530.312500
3565034559169.834473
3597251150353.279785
3610889183372.633301
3627737801657.707031
3656320439786.758789
3681292431756.109375
3707903569469.851074
3727652644076.202148
3749491105123.082520
3781833877836.426270
3813497870096.494629
3846686967414.828613
3874431127588.073242
3894332471619.851074
3925086216938.343750
3953866794393.156250
3970144965150.614746
3984047686522.922852
3987215203247.904785
4001871302174.962891
4024507399290.707520
4031647502142.063477
4038513839035.606934
4054986999170.877930
4073517059883.797852
4089512866809.193359
4105197674742.089844
4111986940546.950684
4118689033106.410156
4133578074410.743652
4161187167551.375977
4173512814840.713867
4193246307913.751953
4211744798270.387207
4251778643913.499512
4289460268196.093750
4311656399855.737305
4319867334725.578125
4362279722417.889648
4384651453548.209961
4413315314257.166992
4434301731832.051758
4463712881430.804688
4503373844118.540039
4524723611448.617188
4541584202479.455078
4556235363916.160156
4579763011795.699219
4588514131716.153320
4578089893871.646484
4587897021153.513672
4597707228275.652344
4612203058265.411133
4615677307284.298828
4635299652909.695312
4654266478623.711914
4663285397675.687500
4675190069190.455078
4678885188176.452148
4697436141072.649414
4712809471035.826172
4740666025250.148438
4778360499496.354492
4798561545215.561523
4821077724068.092773
4827553114418.228516
4850996058910.962891
4868889003994.185547
4873259241674.847656
4884797339535.915039
4876426026694.980469
4869052590674.002930
4864069410767.386719
4872403235973.585938
4879906488696.042969
4896156292904.819336
4905738766268.567383
4902793027680.242188
4910999186188.384766
4918979770306.099609
4933244566075.267578
4959555319017.422852
5008900831504.390625
5031179237014.461914
5046783878159.135742
5057774113848.913086
5084516869207.739258
5103629498366.875000
5131990645047.113281
5156306066087.261719
5189959091713.529297
5219892652464.739258
5245708333583.192383
5267520773674.611328
5285690098801.774414
5300670906647.721680
5312930358124.226562
5322906619810.005859
5330990406149.585938
5337519362489.527344
5342779250085.790039
5347008429373.929688
5350403653357.269531
5353126082724.642578
5355306962711.774414
5357052706769.031250
5358449303454.284180
5359566054964.599609
5360458701231.514648
5361172002361.805664
5361741856290.798828
5362197024873.893555
5362560534381.308594
5362850807813.742188
5363082577892.570312
5363267621638.962891
5363415350418.926758
5363533283269.527344
5363627426201.147461
5363702575903.754883
5363762562765.730469
5363810445231.488281
5363848665178.039062
5363879172088.121094
5363903522260.580078
5363922958059.960938
5363938471210.893555
5363950853342.858398
5363960736349.413086
5363968624611.617188
5363974920724.024414
5363979946032.390625
5363983957028.571289
5363987158437.929688
5363989713666.291992
5363991753138.844727
5363993380956.383789
5363994680208.251953
5363995717213.115234
5363996544903.848633
5363997205529.254883
5363997732810.535156
5363998153662.499023
5363998489567.388672
5363998757671.352539
5363998971659.675781
5363999142455.374023
5363999278776.680664
5363999387582.093750
5363999474425.584961
5363999543740.074219
5363999599063.714844
5363999643220.498047
5363999678464.435547
5363999706594.535156
5363999729046.681641
5363999746966.959961
5363999761270.105469
5363999772686.215820
5363999781798.035156
5363999789070.675781
5363999794875.353516
5363999799508.398438
5363999803206.284180
5363999806157.762695
5363999808513.500977
5363999810393.743164
5363999811894.466797
5363999813092.278320
5363999814048.309570
5363999814811.372070
5363999815420.416016
5363999815906.513672
5363999816294.510742
5363999816604.191406
5363999816851.362305
5363999817048.643555
5363999817206.094727
5363999817331.763672
5363999817432.066406
5363999817512.129883
5363999817576.041016
5363999817627.056641
5363999817667.766602
5363999817700.276367
5363999817726.226562
5363999817746.937500
5363999817763.462891
5363999817776.656250
5363999817787.193359
5363999817795.597656
5363999817802.306641
5363999817807.657227
5363999817811.938477
5363999817815.347656
5363999817818.076172
5363999817820.248047
5363999817821.968750
5363999817823.348633
5363999817824.449219
5363999817825.332031
5363999817826.029297
5363999817826.600586
5363999817827.048828
5363999817827.405273
5363999817827.698242
5363999817827.921875
5363999817828.090820
5363999817828.223633
5363999817828.323242
5363999817828.407227
5363999817828.461914
5363999817828.510742
5363999817828.534180
5363999817828.562500
5363999817828.578125
5363999817828.589844
5363999817828.591797
5363999817828.596680
5363999817828.592773
5363999817828.589844
5363999817828.583008
5363999817828.583008
5363999817828.581055
5363999817828.581055
5363999817828.577148
5363999817828.579102
5363999817828.578125
5363999817828.571289
5363999817828.568359
5363999817828.563477
5363999817828.561523
5363999817828.559570
5363999817828.558594
5363999817828.560547
5363999817828.561523
5363999817828.565430
5363999817828.569336
5363999817828.566406
5363999817828.575195
5363999817828.580078
5363999817828.583984
5363999817828.589844
5363999817828.593750
5363999817828.598633
5363999817828.601562
5363999817828.602539
5363999817828.602539
5363999817828.601562
5363999817828.598633
5363999817828.601562
5363999817828.597656
5363999817828.594727
5363999817828.591797
5363999817828.589844
5363999817828.590820
5363999817828.588867
5363999817828.584961
5363999817828.581055
5363999817828.581055
5363999817828.578125
5363999817828.575195
5363999817828.568359
5363999817828.565430
5363999817828.563477
5363999817828.561523
5363999817828.556641
5363999817828.553711
5363999817828.549805
5363999817828.546875
5363999817828.544922
5363999817828.541992
5363999817828.541992
5363999817828.539062
5363999817828.538086
5363999817828.536133
5363999817828.534180
5363999817828.535156
5363999817828.536133
5363999817828.532227
5363999817828.531250
5363999817828.529297
5363999817828.530273
5363999817828.529297
5363999817828.530273
5363999817828.529297
5363999817828.530273
5363999817828.532227
5363999817828.532227
5363999817828.534180
5363999817828.536133
5363999817828.535156
5363999817828.538086
5363999817828.543945
5363999817828.545898
5363999817828.546875
5363999817828.550781
5363999817828.550781
5363999817828.553711
5363999817828.555664
5363999817828.558594
5363999817828.558594
5363999817828.561523
5363999817828.564453
5363999817828.565430
5363999817828.568359
5363999817828.569336
5363999817828.572266
5363999817828.573242
5363999817828.577148
5363999817828.580078
5363999817828.580078
5363999817828.581055
5363999817828.581055
5363999817828.582031
5363999817828.582031
5363999817828.582031
5363999817828.582031
5363999817828.582031
5363999817828.581055
5363999817828.580078
5363999817828.583008
5363999817828.582031
5363999817828.580078
5363999817828.580078
5363999817828.579102
5363999817828.578125
5363999817828.576172
5363999817828.575195
5363999817828.573242
5363999817828.571289
5363999817828.571289
5363999817828.569336
5363999817828.568359
5363999817828.565430
5363999817828.564453
5363999817828.563477
5363999817828.564453
5363999817828.563477
5363999817828.563477
5363999817828.561523
5363999817828.562500
5363999817828.563477
5363999817828.564453
5363999817828.563477
5363999817828.563477
5363999817828.563477
5363999817828.565430
5363999817828.563477
5363999817828.564453
5363999817828.563477
5363999817828.561523
5363999817828.561523
5363999817828.563477
5363999817828.561523
5363999817828.564453
5363999817828.564453
5363999817828.565430
5363999817828.568359
5363999817828.568359
5363999817828.568359
5363999817828.568359
5363999817828.566406
5363999817828.568359
5363999817828.568359
5363999817828.566406
5363999817828.568359
5363999817828.567383
5363999817828.565430
5363999817828.567383
5363999817828.565430
5363999817828.565430
5363999817828.566406
5363999817828.565430
5363999817828.568359
5363999817828.570312
5363999817828.570312
5363999817828.572266
5363999817828.573242
5363999817828.573242
5363999817828.572266
5363999817828.573242
5363999817828.573242
5363999817828.570312
5363999817828.570312
5363999817828.568359
5363999817828.567383
5363999817828.568359
5363999817828.568359
5363999817828.569336
5363999817828.568359
5363999817828.569336
5363999817828.571289
5363999817828.572266
5363999817828.575195
5363999817828.575195
5363999817828.577148
5363999817828.578125
5363999817828.580078
5363999817828.582031
5363999817828.583984
5363999817828.582031
5363999817828.583984
5363999817828.583984
5363999817828.584961
5363999817828.585938
5363999817828.584961
5363999817828.586914
5363999817828.586914
5363999817828.586914
5363999817828.587891
5363999817828.584961
5363999817828.584961
5363999817828.582031
5363999817828.583008
5363999817828.580078
5363999817828.579102
5363999817828.576172
5363999817828.575195
5363999817828.574219
5363999817828.573242
5363999817828.572266
5363999817828.568359
5363999817828.566406
5363999817828.565430
5363999817828.565430
5363999817828.563477
5363999817828.559570
5363999817828.558594
5363999817828.557617
5363999817828.555664
5363999817828.553711
5363999817828.553711
5363999817828.550781
5363999817828.546875
5363999817828.544922
5363999817828.543945
5363999817828.543945
5363999817828.541992
5363999817828.540039
5363999817828.539062
5363999817828.539062
5363999817828.541016
5363999817828.539062
5363999817828.541016
5363999817828.541992
5363999817828.541992
5363999817828.541992
5363999817828.543945
5363999817828.543945
5363999817828.546875
5363999817828.547852
5363999817828.548828
5363999817828.550781
5363999817828.553711
0.000000
