221555317983861.718750
214341066867041.937500
207361725115748.281250
200609643646365.875000
194077422443595.968750
187757902450330.875000
181644157721609.437500
175729487834054.000000
170007410542470.625000
164471654675563.406250
159116153262977.968750
153935036886141.031250
148922627245608.562500
144073430937873.718750
139382133434812.531250
134843593259170.859375
130452836349707.640625
126205050609819.687500
122095580633673.546875
118119922604063.984375
114273719356407.750000
110552755603462.921875
106952953315540.046875
103470367251142.296875
100101180633136.218750
96841700965714.359375
93688355987565.281250
90637689756815.921875
87686358863455.453125
84831128765089.578125
82068870242009.546875
79396555967690.546875
76811257190961.218750
74310140526207.609375
71890464848094.203125
69549578287398.625000
67284915324667.312500
65093993978507.328125
62974413085432.515625
60923849668282.921875
58940056390333.320312
57020859092300.703125
55164154409551.367188
53367907466896.117188
51630149648447.195312
49948976440092.906250
48322545342225.101562
46749073850432.164062
45226837501944.531250
43754167985691.273438
42329451313896.976562
40951126053214.710938
39617681613456.539062
38327656592046.273438
37079637172379.726562
35872255574337.476562
34704188555251.707031
33574155959684.371094
32480919316427.281250
31423280481186.417969
30400080323463.042969
29410197456192.261719
28452547006747.042969
27526079427960.492188
26629779347863.570312
25762664456877.367188
24923784431240.519531
24112219891491.804688
23327081394866.464844
22567508460501.957031
21832668626384.882812
21121756537005.347656
20433993060719.097656
19768624435849.894531
19124921444596.441406
18502178613838.386719
17899713441965.570312
17316865650883.160156
16752996462372.857422
16207487898017.138672
15679742101919.251953
15169180685476.716797
14675244093490.177734
14197390990912.986328
13735097669569.277344
13287857474190.457031
12855180247140.984375
12436591791224.923828
12031633349984.474609
11639861104920.994141
11260845689087.371094
10894171716518.804688
10539437326986.130859
10196253745572.841797
9864244856593.093750
9543046791383.736328
9232307529518.585938
8931686513007.919922
8640854273060.306641
8359492068997.828125
8087291538928.823242
7823954361795.411133
7569191930425.379883
7322725035230.062500
7084283558201.641602
6853606176874.474609
6630440077925.939453
6414540680103.006836
6205671366170.804688
6003603223589.474609
5808114793635.026367
5618991828689.310547
5436027057433.059570
5259019957684.701172
5087776536635.928711
4922109118243.252930
4761836137542.418945
4606781941660.375000
4456776597306.646484
4311655704533.141113
4171260216558.276367
4035436265457.977051
3904034993532.490234
3776912390164.207520
3653929133987.720215
3534950440199.057129
3419845912836.877930
3308489401873.632324
3200758864960.080566
3096536233671.712891
2995707284110.379883
2898161511719.427734
2803792010175.039551
2712495354221.112793
2624171486319.266113
2538723606989.714355
2456058068722.849609
2376084273345.256348
2298714572727.696289
2223864172726.193848
2151451040251.014648
2081395813361.609863
2013621714289.059326
1948054465290.676270
1884622207244.525146
1823255420894.639648
1763886850660.657715
1706451430928.373779
1650886214740.372803
1597130304808.660400
1545124786773.604004
1494812664636.144531
1446138798292.419189
1399049843102.372314
1353494191426.146484
1309421916064.126465
1266784715538.692627
1225535861157.722656
1185630145801.775879
1147023834378.873779
1109674615892.550293
1073541557070.676880
1038585057504.218628
1004766806246.722534
972049739827.050659
940398001629.274780
909776902595.206055
880152883206.592041
851493476705.196167
823767273510.505615
796943886796.063232
770993919186.707275
745888930540.222168
721601406778.029785
698104729730.869507
675373147966.334229
653381748566.291016
632106429823.327515
611523874826.232300
591611525905.546875
572347559911.287720
553710864295.610596
535681013974.299744
518238248941.662659
501363452614.371155
485038130880.409607
469244391830.284424
453964926148.176208
439182988141.615784
424882377388.865784
411047420983.898560
397662956359.516663
384714314669.747681
372187304713.412292
360068197381.082703
348343710608.541565
337000994820.160583
326027618846.275574
315411556299.098999
305141172392.295410
295205211189.686768
285592783269.216370
276293353788.560730
267296730939.345276
258593054777.337402
250172786416.341919
242026697573.942505
234145860457.677734
226521637980.524628
219145674294.993439
212009885635.455963
205106451458.654572
198427805872.676727
191966629345.060425
185715840680.864349
179668589261.965179
173818247539.025421
168158403767.990540
162682854983.038269
157385600198.414398
152260833831.552185
147302939340.400574
142506483067.917877
137866208286.965607
133377029439.185287
129034026561.415588
124832439893.580292
120767664662.217758
116835246033.799088
113030874232.421097
109350379816.461746
105789729109.022079
102345019777.204681
99012476555.278320
95788447107.156006
92669398023.572571
89651910949.596436
86732678838.272934
83908502326.202560
81176286227.186295
78533036140.016296
75975855166.723114
73501940737.694870
71108581540.175232
68793154546.768509
66553122140.706543
64386029334.717628
62289501080.453377
60261239665.538788
58299022195.363411
56400698156.881279
54564187061.724724
52787476166.084488
51068618264.814766
49405729557.361336
47796987583.211311
46240629224.534813
44734948773.884720
43278296064.795403
41869074663.293037
40505740118.230591
39186798268.650528
37910803606.245834
36676357691.135300
35482107619.225479
34326744539.477703
33209002219.479652
32127655657.684750
31081519740.843647
30069447945.216839
29090331079.979759
28143096071.618965
27226704787.880524
26340152900.025436
25482468782.100117
24652712446.101269
23849974511.773067
23073375209.967354
22322063418.435436
21595215729.052238
20892035545.385956
20211752209.658707
19553620158.129341
18916918103.995449
18300948246.892727
17705035508.122379
17128526790.796135
16570790264.069942
16031214670.679222
15509208657.041393
15004200125.115540
14515635605.452236
14042979650.579683
13585714248.195562
13143338253.431454
12715366839.624115
12301330966.969145
11900776868.451607
11513265552.560947
11138372322.162069
10775686309.042477
10424810023.620367
10085358919.312998
9756960971.074472
9439256267.691456
9131896617.327982
8834545165.917929
8546876027.979513
8268573929.476652
7999333862.260853
7738860749.830833
7486869123.923160
7243082811.633785
7007234632.776072
6779066107.025629
6558327170.679839
6344775902.548470
6138178258.864572
5938307816.746613
5744945526.059910
5557879469.349963
5376904629.594354
5201822665.496290
5032441694.117423
4868576080.586066
4710046234.650569
4556678413.837895
4408304533.062620
4264761980.390639
4125893438.840061
3991546713.967222
3861574567.049502
3735834553.730226
3614188867.921456
3496504190.730820
3382651544.390186
3272506150.889195
3165947295.208691
3062858193.041302
2963125862.801483
2866641001.774851
2773297866.362107
2682994156.151299
2595630901.847499
2511112356.759233
2429345891.886483
2350241894.414846
2273713669.469112
2199677345.141078
2128051780.528893
2058758476.831361
1991721491.321720
1926867354.108840
1864124987.604627
1803425628.655057
1744702753.148064
1687892003.129084
1632931116.254573
1579759857.550324
1528319953.417036
1478555027.747984
1430410540.144844
1383833726.145807
1338773539.394697
1295180595.702623
1253007118.921275
1212206888.579439
1172735189.235018
1134548761.455044
1097605754.429857
1061865680.065496
1027289368.653831
993838925.927916
961477691.512547
930170198.771239
899882135.921151
870580308.445230
842232602.695648
814807950.698801
788276296.113624
762608561.294609
737776615.418349
713753243.646736
690512117.311836
668027765.060489
646275544.918276
625231617.312425
604872918.931771
585177137.441026
566122687.039213
547688684.801946
529854927.783279
512601870.899395
495910605.470649
479762838.529574
464140872.758471
449027587.101971
434406417.992518
420261341.203220
406576854.285670
393337959.585651
380530147.798510
368139382.057718
356152082.575098
344555111.744497
333335759.743277
322481730.608743
311981128.741560
301822445.903689
291994548.577836
282486665.776024
273288377.228541
264389601.977067
255780587.314649
247451898.095523
239394406.410680
231599281.566341
224057980.409352
216762237.973090
209704058.408241
202875706.233700
196269697.841033
189878793.304621
183695988.447047
177714507.154669
171927793.964940
166329506.858254
160913510.344069
155673868.694029
150604839.471156
145700867.218323
140956577.372345
136366770.386481
131926416.006566
127630647.785364
123474757.722885
119454191.133919
115564541.633641
111801546.316842
108161081.089947
104639156.151766
101231911.604578
97935613.246719
94746648.454778
91661522.261927
88676853.489572
85789371.058359
82995910.394173
80293409.977261
77678907.975417
75149538.994522
72702530.949610
70335202.015121
68044957.692884
65829287.958965
63685764.533476
61612038.198147
59605836.227816
57664959.906311
55787282.114426
53970744.978973
52213357.657807
50513194.117454
48868391.047614
47277145.808717
45737714.461262
44248409.842444
42807599.741434
41413705.083355
40065198.212989
38760601.218757
37498484.322536
36277464.287697
35096202.926293
33953405.615788
32847819.898811
31778234.103672
30743475.997256
29742411.526458
28773943.570577
27837010.725292
26930586.149549
26053676.434567
25205320.526089
24384588.649393
23590581.324881
22822428.348373
22079287.853783
21360345.390750
20664813.020047
19991928.470635
19340954.283135
18711177.026407
18101906.479816
17512474.909159
16942236.323314
16390565.757033
15856858.605484
15340529.946507
14841013.904039
14357763.025525
13890247.695723
13437955.525709
13000390.826337
12577074.048168
12167541.244375
11771343.585596
11388046.859231
11017230.983590
10658489.559397
10311429.416740
9975670.189231
9650843.911123
9336594.576317
9032577.781829
8738460.336817
8453919.896756
8178644.621292
7912332.814440
7654692.620553
7405441.662025
7164306.775201
6931023.689945
6705336.733918
6486998.560981
6275769.884158
6071419.204672
5873722.559913
5682463.283939
5497431.763418
5318425.212273
5145247.440380
4977708.665604
4815625.263548
4658819.592733
4507119.809815
4360359.641362
4218378.265118
4081020.063294
3948134.495606
3819575.931293
3695203.470821
3574880.807365
3458476.069991
3345861.692774
3236914.243040
3131514.323728
3029546.422727
2930898.787628
2835463.302329
