224443288762088.906250
194163784660835.593750
168925442702333.812500
146125322478701.312500
124431767286519.343750
106933510137137.234375
89077273281708.375000
77007146866889.281250
64307258803632.593750
57028756021907.468750
50414307440115.234375
45207389301261.867188
39424938508398.898438
38018785201424.812500
34153876524209.769531
31300289635171.773438
29452671212720.800781
29124377309791.867188
28296584626859.726562
25363405360401.714844
26700358888975.804688
27743806151451.054688
28338375499809.085938
28354866829816.976562
25264341009552.578125
24878884343065.242188
22699637278846.285156
22083883256878.402344
20396580014906.968750
22527786799610.585938
22160453900380.386719
21911916464555.257812
22929498241022.710938
22086473774833.082031
21678538520944.523438
23376134169308.460938
22789676267970.753906
23039479784455.371094
23317181691090.089844
21899472959206.488281
20248286999081.121094
21759460272736.582031
20749015003719.468750
21312432598288.375000
22443141547472.625000
24734193587045.562500
26084724955601.429688
25502828645273.234375
24966248308616.277344
24640162373660.433594
23448352714991.074219
21043569090244.183594
21731794526699.570312
25257622807149.410156
23484155615805.203125
21631046097341.253906
23742765144834.242188
24118929613697.628906
23765215393065.425781
23933030263735.667969
24619182512965.054688
24035020123977.546875
23923899807835.820312
23769845867816.015625
25249151426563.765625
25588703120133.425781
24524673429616.878906
24770985868865.312500
22097216353734.925781
24978284038233.667969
23869471869284.730469
24176371844847.523438
25156066712678.871094
24246946356879.132812
21933396705288.558594
20726767159178.859375
20185814281069.074219
21073578345611.097656
21465529381327.648438
19733490614278.289062
21391336175024.828125
23926470648262.968750
24459872767232.015625
23536626036812.234375
22280069215743.257812
23413039447474.843750
23782346370212.285156
23130985629180.820312
22034135807339.253906
21601933822385.531250
19945421320137.316406
20351457269413.132812
19076695319997.246094
20775046022356.859375
22188495667236.335938
25948431383960.890625
27709943820319.378906
28563200994778.882812
28749942149275.046875
26661067415009.546875
25830377801272.507812
25750798404748.437500
25062898844782.464844
26164314450648.945312
24808869158650.382812
25614381712477.597656
25572450195268.238281
26181329633950.566406
27083415869788.761719
27331596942724.433594
24544447181744.785156
22461264504029.062500
22266854349277.714844
21851557098972.054688
23525869616682.414062
24134575065524.226562
24877727324098.472656
24481415603239.507812
23880645391046.503906
25134033419910.937500
26280231613319.054688
27741520614246.640625
26621555978364.496094
27852724280604.281250
28654428693827.511719
27176337314137.906250
26946923809339.863281
27774303713297.519531
30131930534793.773438
30634024201554.542969
28781656501462.992188
24929659617301.542969
27338982952994.632812
24180049707903.410156
24119088538957.546875
21704701237137.285156
19375557160349.281250
19135889539663.027344
22572945752138.671875
20517791319780.558594
22265811117250.667969
21280674897436.531250
22808022148340.160156
23814082647923.125000
22813391844439.871094
24487462032217.660156
24779579131156.875000
22618017611318.054688
21819700232553.851562
20335869406885.136719
18616016963966.703125
20913735405796.605469
22720281635734.894531
23153596693556.640625
23750617169711.886719
24811773768810.160156
25104201077862.753906
28081610046345.339844
25967370705596.058594
26101791502245.589844
22609861512851.968750
24116853199067.753906
24033176491489.984375
23701862826713.781250
23844210701790.253906
23403140322240.625000
23334662630042.828125
24468835150227.292969
25118973618200.519531
24996129233916.398438
28084528918133.371094
26276799029840.804688
25071245042053.941406
23154489314048.472656
22588043143390.957031
23845733066310.753906
24920447512958.250000
26162713841205.503906
26003540725263.367188
24868627336220.484375
24030981559915.031250
24209778343504.132812
23317509426554.718750
21513243818051.117188
21299443644466.179688
20502389161784.566406
21052711385380.031250
20999007716011.589844
21343036516024.312500
22106141935386.132812
24589256774279.238281
25096519164326.992188
25074048826442.523438
21855491360611.855469
23320309873481.628906
26206584477056.808594
26138966851285.144531
24434148794684.578125
23668912191188.730469
21690178666534.082031
23249054134888.023438
25465750709772.171875
26684672635106.820312
27267007933751.464844
25809987391663.824219
24372935771873.000000
26340249396812.242188
26019004789051.417969
24349792327472.585938
22537186293984.046875
23501612072727.117188
22109451829442.531250
25242361808695.945312
23938488585343.937500
24346793794130.148438
23995532043695.140625
21588461648904.570312
21684694309935.710938
20368763100053.847656
21218819192328.886719
21305545869469.062500
20956219814152.722656
20823171561500.242188
22300434865584.394531
21193293025623.367188
20578471935829.468750
21029538448676.128906
22195647031845.710938
24819516068528.085938
24732004747942.292969
24668844935641.523438
22377391830096.242188
21362751264476.144531
21809739940860.167969
21738521110633.015625
21136546047639.558594
21930575464215.593750
23668120462680.324219
22324269240510.324219
22947076704181.835938
24634777495819.574219
21276119220062.265625
21454266876533.363281
21657023925772.531250
21775534017625.992188
23348113038208.648438
24032719974308.597656
24260930757886.921875
23309350890279.535156
19813884059721.792969
20559287413355.410156
20563564324391.542969
23489479253154.464844
25569044729045.042969
24480402648499.203125
24435649302556.226562
24240333400632.191406
23314529458870.929688
24604671186179.847656
21130294306720.625000
20389684560743.769531
22739811573166.851562
24763313819038.664062
24093862563768.457031
24974668179553.402344
23743339861378.664062
22899530357479.898438
21991292022154.058594
21644298817417.675781
25966820198542.757812
25549272870029.558594
24846833073236.238281
22170344276485.742188
22179108043379.945312
20733275586952.230469
21175486296158.445312
21740535876570.222656
22345528926961.601562
24210050836518.164062
24536459846423.265625
26841389935891.269531
27982550945985.816406
26677556045132.812500
26814997787015.882812
24554565926069.769531
25703295034234.308594
23782254151491.113281
25978096865013.152344
25683247000148.230469
26262593450768.449219
27165399738418.921875
24873466991880.437500
22959332476015.308594
22883138513746.507812
23988979942541.359375
24465293821764.964844
25534045064058.523438
22855005025376.902344
19547436467722.457031
22164301297749.406250
23088216029875.589844
23196060644738.046875
23965696164220.769531
23774789667085.121094
23337130927185.742188
22422858048721.121094
25867255232940.566406
26792411243973.378906
26159124417720.347656
25572233105011.117188
23488390053566.433594
23044366440864.812500
23518535607167.253906
21951115272410.355469
23080429128822.332031
22212562538973.019531
23317955001898.195312
24880481280993.152344
25651816904438.980469
26237034161085.296875
22381745805619.316406
24413446205921.644531
26703339365930.691406
25828465351345.464844
25475983199992.480469
23831061949281.320312
24013580714544.984375
23222913647989.386719
23871616976414.429688
24664705760651.660156
25321916595521.847656
22772996900277.125000
26760980089358.398438
25706415693465.800781
26585358603337.289062
26451411870280.785156
25623950403779.300781
25292451451287.289062
24513432908308.449219
24247467944869.425781
23698416343228.011719
23717546269444.406250
22098285998596.027344
21681420974822.597656
22925370334906.066406
24532974862218.972656
24900199152575.359375
24224042142855.128906
23382198605314.589844
23579401005671.324219
24183485155121.414062
23832414902313.085938
23818831638832.937500
23609562318059.722656
25877539373596.523438
26657031284098.796875
26678674720497.285156
25645323295363.476562
23818698949637.097656
23577482421224.980469
22779363026396.187500
23651111556878.597656
24319431793237.476562
24006157151119.410156
22707150414475.187500
23570832009956.406250
24160647398692.714844
25709350676881.144531
24808018148527.992188
22658866946894.074219
23458288776787.593750
22446661692303.058594
24370655216448.125000
24842173999515.941406
24894732338535.207031
21729104834507.851562
21947411312040.722656
23346150864215.468750
23173406896800.824219
20883419930973.132812
22806755808932.226562
25123458613024.363281
23523102997412.417969
21961776771622.941406
21703269924256.675781
18999617803382.261719
19343350772580.054688
20009959992875.382812
20583069100849.003906
20820539526934.746094
22344501539056.949219
23152098962853.019531
24378042577691.828125
22654476055875.714844
21671136927883.343750
22181020849601.175781
20352328044061.816406
19748606723245.347656
18272451638555.070312
22264103685938.910156
23381325852608.746094
25354918789550.035156
25745861614168.054688
24243109447424.773438
23011850871403.812500
25575771355359.617188
24207757645835.265625
24626633293622.328125
26126936117734.378906
27881724438811.261719
28068542059060.167969
27700823367610.078125
25774730384445.726562
25651366643929.417969
28079289126200.863281
27176077928475.535156
25063819823683.402344
25994520688142.667969
24354320331441.363281
25384040031640.847656
26108582954585.917969
24186008462331.886719
22603639042744.062500
22963121901004.078125
22742510024826.726562
22022348461372.093750
23872863242390.328125
23011893676066.054688
25742712791472.472656
24796616512959.175781
21152634129754.179688
21881906308153.980469
20860260753145.738281
20208966246991.609375
22572066305214.742188
23366298235577.777344
20964723428269.953125
22028935936853.355469
24038294422430.394531
22778213386745.023438
22421675754876.453125
22049484888515.324219
24043840670758.910156
22333731045728.421875
20486720050363.597656
20378170256453.792969
22917555774385.500000
23811557950403.085938
24776401894846.667969
27540848174433.507812
26839573557307.683594
25300114293266.484375
24108303631175.664062
23967618783128.589844
26322245916357.351562
28264379644013.980469
25698415653153.011719
25572287725640.722656
23836344289629.031250
23037390700225.355469
25551667506102.117188
25701020781040.593750
26956769379532.398438
26580434703728.750000
28940027707712.140625
26706153011515.558594
25650465541057.042969
24447577815616.507812
23208433772093.527344
24147228413357.015625
23773998752652.816406
25190527993004.207031
24074801007609.910156
21567172791822.199219
23370803570086.281250
26455620038058.648438
25313589970132.722656
24346005306807.414062
23929287874492.097656
25055371762127.261719
26574334838694.195312
27734773220230.769531
25714239367293.367188
25214627889524.042969
21494259215031.621094
22881226691380.593750
24560017692113.820312
24228711767446.441406
22935271888950.144531
21965031436859.101562
22857158593119.507812
23828140302220.703125
25735374202382.789062
27513595259119.039062
24763549604828.929688
24059879181358.718750
24400376148387.296875
25769862320926.238281
25108376174707.402344
23518125403505.011719
22808845322619.410156
25642075916609.695312
24915363755624.304688
25869473576603.730469
26951933348831.121094
27201591837006.257812
26056508276331.054688
26481880192580.488281
26815777940251.800781
25323395328784.875000
25519363159868.675781
23693079553435.781250
24472126879346.652344
25039896179615.050781
22403919853416.625000
23945081089047.058594
23058108869680.843750
24893119706245.929688
24272290154539.238281
24269482214401.230469
23258532420916.957031
23772460564195.550781
24775309118496.953125
22354205427106.769531
22404056756007.781250
22387745072964.121094
20616506396754.542969
23288778215270.035156
24255855655178.542969
26498788773075.277344
23844271685919.292969
22805782121957.136719
21285233360744.882812
21219257871944.585938
22285809169497.035156
23183800367031.738281
20866592715344.121094
23819139137414.160156
24282047590274.050781
24189653206454.863281
24763183565407.996094
24044359219535.445312
23581302141438.804688
23437861854409.515625
23126091560958.902344
22817510157154.234375
20959998917492.406250
21721169829641.003906
23678296824896.769531
25438337191488.351562
