2.587197
239679032427174.125000
205700611931475.437500
176536726202191.250000
151510742373393.468750
130033495164213.187500
111603383244491.640625
95786713979750.843750
82213255330015.359375
70565990335184.906250
60572738965037.812500
51998615197930.343750
44638200104432.757812
38325872410673.742188
32907996325291.859375
28261456210856.050781
24275025431596.394531
20856228003598.816406
17921963076756.625000
15399879157891.199219
13230641245626.027344
11377862766141.722656
9791945308331.320312
8433847334351.541016
7272091599614.480469
6278711608309.268555
5422880610886.236328
4691153721226.870117
4064188441438.585449
3532652687542.667969
3081839129667.275391
2695747098341.207520
2371428505230.685547
2104514861656.468506
1887745604166.404053
1707581055138.611328
1558901045571.883789
1440043524328.612549
1344555000479.201416
1274295356709.281738
1225062687964.137695
1193831946785.426758
1175171038580.439453
1163034844783.980469
1154283103040.689697
1146396084625.395264
1146232528660.168701
1149791483746.251221
1152308145670.158691
1156376622251.196777
1158145061499.523438
1164835227688.250244
1175476155041.591553
1186486223799.301025
1198214578488.444580
1209826701527.169922
1228373080201.588623
1245585236585.708008
1266593755011.351318
1288095506847.883057
1309081543710.501953
1329375862719.304688
1348302318568.680664
1367788145882.746094
1385425944315.031982
1406094732666.536865
1422593168987.639160
1441704843401.791260
1460681315113.601562
1478440993522.285156
1498877333019.548584
1520782781995.543213
1541596503006.876953
1559015338294.301025
1577591521936.233887
1596249145027.250244
1612856128373.573486
1629461218236.915039
1647904585197.055664
1669489728475.554932
1693545395473.362793
1713298026937.932617
1736345068137.679688
1759575139810.687012
1780595512751.540527
1800841028958.235352
1817186477764.137695
1834671368572.469238
1847376459314.590332
1857845467898.223389
1867864948997.104492
1879327626774.092041
1889184064784.345215
1895142777344.326660
1906080498835.912354
1915285487290.937744
1928693232930.362305
1938685879853.402344
1945931140156.915039
1956651810145.358398
1971061967684.799316
1980906900105.834961
1995347843141.150391
2008341498930.625977
2020908347253.401123
2032255911272.700195
2037922105350.832520
2049444029178.437256
2060464000497.940186
2071180041565.291748
2081785636072.040527
2090880851620.703369
2105767221323.045654
2126301062513.668701
2136158603013.890137
2142490287137.549805
2148023460863.253174
2156124118907.130859
2168495804992.633545
2176261797734.116455
2185975842845.566650
2188935338372.885742
2184287881221.851807
2189562172068.279541
2197435853120.596680
2206324256018.030762
2216038864013.471191
2227201958831.649902
2233730700449.617676
2239474471304.414062
2242488051174.564941
2245771160229.097656
2243902574108.450684
2244963715184.864746
2242461173211.707031
2249039832644.275879
2258063163802.719238
2265280061091.970703
2270409592782.248047
2276212591112.132812
2282216762961.173828
2288117930690.100098
2293729325743.962402
2298945006543.492676
2303713731977.516113
2308020470340.765625
2311873430181.813477
2315295054898.206543
2318315844840.382324
2320970184570.979004
2323293583340.833008
2325320904527.689941
2327085281121.806152
2328617501801.451172
2329945714999.375488
2331095343432.283691
2332089133810.203125
2332947289453.662109
2333687649920.849121
2334325893354.738281
2334875745449.367188
2335349184676.986816
2335756637410.371094
2336107159321.137207
2336408601296.867188
2336667759355.137695
2336890508829.862305
2337081923595.804199
2337246381377.215820
2337387656323.333496
2337509000075.200195
2337613212528.199219
2337702703437.434570
2337779545932.802246
2337845522921.078613
2337902167258.214844
2337950796483.063965
2337992542815.844727
2338028379042.748535
2338059140833.366699
2338085545969.495605
2338108210903.406250
2338127665009.392090
2338144362845.084473
2338158694696.533203
2338170995644.631348
2338181553358.156250
2338190614790.912109
2338198391935.784668
2338205066767.892578
2338210795490.500000
2338215712181.492676
2338219931924.842773
2338223553499.553711
2338226661688.322266
2338229329259.800781
2338231618670.251953
2338233583524.435059
2338235269829.682617
2338236717072.430176
2338237959142.145020
2338239025124.639648
2338239939982.724609
2338240725140.649902
2338241398985.631836
2338241977298.282715
2338242473622.136719
2338242899580.771973
2338243265149.890625
2338243578891.009277
2338243848151.878906
2338244079238.578613
2338244277563.149414
2338244447770.410645
2338244593846.624512
2338244719212.958496
2338244826805.530273
2338244919144.199707
2338244998391.581543
2338245066403.664062
2338245124773.347656
2338245174867.651367
2338245217859.845215
2338245254756.801270
2338245286422.705078
2338245313599.158691
2338245336922.658203
2338245356939.476562
2338245374118.384277
2338245388861.745117
2338245401514.857422
2338245412374.076660
2338245421693.732910
2338245429692.083008
2338245436556.471191
2338245442447.639648
2338245447503.611328
2338245451842.751953
2338245455566.716309
2338245458762.719238
2338245461505.599609
2338245463859.604492
2338245465879.851074
2338245467613.678711
2338245469101.704102
2338245470378.764160
2338245471474.754883
2338245472415.372559
2338245473222.639648
2338245473915.441406
2338245474510.025391
2338245475020.296387
2338245475458.240723
2338245475834.091797
2338245476156.653809
2338245476433.485352
2338245476671.065430
2338245476874.961426
2338245477049.949707
2338245477200.129883
2338245477329.027344
2338245477439.650391
2338245477534.585938
2338245477616.062500
2338245477686.000000
2338245477746.007812
2338245477797.525879
2338245477841.724609
2338245477879.646973
2338245477912.179688
2338245477940.088867
2338245477964.048828
2338245477984.594238
2338245478002.235840
2338245478017.370605
2338245478030.359863
2338245478041.515137
2338245478051.083496
2338245478059.306152
2338245478066.344727
2338245478072.388184
2338245478077.569336
2338245478081.998047
2338245478085.808594
2338245478089.073242
2338245478091.871582
2338245478094.291016
2338245478096.369141
2338245478098.154785
2338245478099.678711
2338245478100.995117
2338245478102.123047
2338245478103.080566
2338245478103.895508
2338245478104.587891
2338245478105.192383
2338245478105.690918
2338245478106.109863
2338245478106.479492
2338245478106.774414
2338245478107.023438
2338245478107.246582
2338245478107.407227
2338245478107.551758
2338245478107.656738
2338245478107.749023
2338245478107.815918
2338245478107.850586
2338245478107.880859
2338245478107.893555
2338245478107.912109
2338245478107.909180
2338245478107.897461
2338245478107.886230
2338245478107.874512
2338245478107.859863
2338245478107.833984
2338245478107.812500
2338245478107.784668
2338245478107.768066
2338245478107.750977
2338245478107.750977
2338245478107.736328
2338245478107.733398
2338245478107.726562
2338245478107.720703
2338245478107.705078
2338245478107.688965
2338245478107.670898
2338245478107.654297
2338245478107.642090
2338245478107.619141
2338245478107.613281
2338245478107.602539
2338245478107.600586
2338245478107.580566
2338245478107.589355
2338245478107.579590
2338245478107.573730
2338245478107.570312
2338245478107.566895
2338245478107.575195
2338245478107.573730
2338245478107.580566
2338245478107.577148
2338245478107.579590
2338245478107.569336
2338245478107.563477
2338245478107.572266
2338245478107.570312
2338245478107.573242
2338245478107.577637
2338245478107.581543
2338245478107.585449
2338245478107.583496
2338245478107.592285
2338245478107.596680
2338245478107.596680
2338245478107.608398
2338245478107.607422
2338245478107.607910
2338245478107.610840
2338245478107.610840
2338245478107.606934
2338245478107.607422
2338245478107.601562
2338245478107.594238
2338245478107.585449
2338245478107.579102
2338245478107.577637
2338245478107.578613
2338245478107.570312
2338245478107.559570
2338245478107.549316
2338245478107.542969
2338245478107.540527
2338245478107.537109
2338245478107.539062
2338245478107.534668
2338245478107.541992
2338245478107.541992
2338245478107.538574
2338245478107.538574
2338245478107.544434
2338245478107.551758
2338245478107.546387
2338245478107.554688
2338245478107.546387
2338245478107.558105
2338245478107.568848
2338245478107.568848
2338245478107.582520
2338245478107.580566
2338245478107.579590
2338245478107.587402
2338245478107.591797
2338245478107.592285
2338245478107.582031
2338245478107.583496
2338245478107.583496
2338245478107.580566
2338245478107.577637
2338245478107.565430
2338245478107.558594
2338245478107.562500
2338245478107.559570
2338245478107.574219
2338245478107.577637
2338245478107.584473
2338245478107.585938
2338245478107.582031
2338245478107.584473
2338245478107.593750
2338245478107.601562
2338245478107.600586
2338245478107.599121
2338245478107.608887
2338245478107.606934
2338245478107.625000
2338245478107.627930
2338245478107.639648
2338245478107.642578
2338245478107.644531
2338245478107.649414
2338245478107.667480
2338245478107.680664
2338245478107.691406
2338245478107.704590
2338245478107.717285
2338245478107.726562
2338245478107.742676
2338245478107.748047
2338245478107.763184
2338245478107.780273
2338245478107.791504
2338245478107.811523
2338245478107.821777
2338245478107.831543
2338245478107.848633
2338245478107.859863
2338245478107.876465
2338245478107.902832
2338245478107.917969
2338245478107.932129
2338245478107.961914
2338245478107.973145
2338245478108.004883
2338245478108.014160
2338245478108.031738
2338245478108.045898
2338245478108.057129
2338245478108.060547
2338245478108.068848
2338245478108.075684
2338245478108.082031
2338245478108.078125
2338245478108.078125
2338245478108.070312
2338245478108.071289
2338245478108.051270
2338245478108.046875
2338245478108.033203
2338245478108.018555
2338245478108.005371
2338245478107.987305
2338245478107.970703
2338245478107.958984
2338245478107.952148
2338245478107.937988
2338245478107.922852
2338245478107.910645
2338245478107.897461
2338245478107.889160
2338245478107.878418
2338245478107.866211
2338245478107.854492
2338245478107.834961
2338245478107.819824
2338245478107.799316
2338245478107.782227
2338245478107.768066
2338245478107.754395
2338245478107.739258
2338245478107.730957
2338245478107.718750
2338245478107.704102
2338245478107.704102
2338245478107.701660
2338245478107.701172
2338245478107.704102
2338245478107.708984
2338245478107.716797
2338245478107.717773
2338245478107.722168
2338245478107.726562
2338245478107.734863
2338245478107.736816
2338245478107.750977
2338245478107.753906
2338245478107.764648
2338245478107.768066
2338245478107.777344
2338245478107.782227
2338245478107.800781
2338245478107.802734
2338245478107.810059
2338245478107.812988
2338245478107.823242
2338245478107.828125
2338245478107.826660
2338245478107.829102
2338245478107.832031
2338245478107.834961
2338245478107.833984
2338245478107.833984
2338245478107.834473
2338245478107.833984
2338245478107.832520
2338245478107.833496
2338245478107.833496
2338245478107.825684
2338245478107.820801
2338245478107.818359
2338245478107.823242
2338245478107.818359
2338245478107.813477
2338245478107.812500
2338245478107.812500
2338245478107.811035
2338245478107.806152
2338245478107.804688
2338245478107.803711
2338245478107.798340
2338245478107.795410
2338245478107.792969
2338245478107.787598
2338245478107.784668
2338245478107.781250
2338245478107.778320
2338245478107.777344
2338245478107.776367
2338245478107.777344
2338245478107.782227
2338245478107.788086
2338245478107.798828
2338245478107.804199
2338245478107.813477
2338245478107.821777
2338245478107.832520
0.000000
