278513485484707.562500
238213186369910.718750
206273817431083.718750
177058539957560.968750
155020240482057.656250
131785740163831.421875
114053028293195.812500
99425032758749.250000
86658745433751.265625
73652425447082.421875
66066723612428.632812
57561466921116.101562
50948508662343.625000
46834227358222.945312
43544130771960.335938
40237497269140.867188
37096764722798.671875
34975352618643.718750
32108051188276.816406
30458877354407.335938
29451214429320.355469
27774951081815.691406
25490914370293.777344
25999779386706.554688
24782076037074.632812
24803863827722.425781
29397039255434.269531
27944768581609.234375
24500355653328.175781
24663215240158.582031
23160351489431.875000
21385877900892.457031
23793381754397.953125
24945080538162.460938
25691542363519.363281
23745869443336.316406
26439206831221.101562
23339096669908.164062
21120125296951.503906
20635385537747.332031
21985631566013.523438
20526346300403.285156
18121300773069.011719
17354730394205.583984
19937842087476.890625
21374842775837.367188
22068885796974.781250
21387775090112.050781
21646868253350.835938
20865788550405.675781
20521856922238.222656
20452954380676.656250
21819528727777.566406
23130719204381.121094
22062204062524.539062
19604891345529.941406
19897638560906.011719
20699448936942.367188
19349225334669.871094
20431794767615.339844
21802613070425.359375
21693027023037.980469
17408131833202.253906
19535217050040.125000
18987841850336.054688
19807268821414.945312
22310192378306.847656
23826988266126.050781
22964636784703.980469
24998186559859.058594
23604538182696.414062
27031829123225.679688
26453133828744.031250
25181318128642.476562
23594586069802.308594
21298421361943.210938
19978071985688.171875
19411827321396.816406
21179071034785.976562
20636362162429.667969
22053300919790.246094
23792881134143.738281
21182195975737.027344
22062044142893.128906
21986348342656.578125
22058635105209.984375
22843625874902.453125
22613605537390.945312
19190456194647.128906
21382996026302.460938
23362237832071.187500
22438664661449.238281
21643357771755.699219
25447528630422.046875
23782187777290.371094
25807024443209.277344
26666230436024.523438
26740614477959.167969
24303562970528.500000
24873820724871.007812
24539948660178.835938
24240553947167.945312
24039212385271.562500
24354009956239.570312
24530371011604.906250
22958947399380.464844
23384748621460.539062
24548666813191.714844
23210616969939.535156
20700388788722.781250
21542557391544.160156
21581277262723.613281
23351724580333.347656
23150671412748.207031
22051486733653.300781
22910612007276.593750
23011399668062.742188
24796529915533.515625
22389379407154.613281
21482055454555.179688
22894026716490.691406
23865936306168.726562
21190700371493.289062
20616543159370.007812
21068020719972.453125
25880872819714.441406
26945893713585.410156
26850552649503.652344
27284163756802.191406
24852557035337.394531
23681400095849.738281
24007041840293.246094
24935043692454.980469
24655553398017.203125
23577837935855.839844
24858550638859.375000
24818382927297.792969
24610129494483.671875
26103000650601.097656
24808548732453.632812
23978903795044.308594
24146442307482.531250
24156463824095.066406
25103221023089.929688
26394127381111.476562
21057722239153.152344
20841294635770.644531
24867692688353.050781
25426968559746.367188
27429394778389.925781
25255941103874.441406
24632862185394.929688
25111208713986.847656
25044082006205.957031
23905919571085.214844
22248091416808.195312
22700333135327.070312
25356374406995.023438
24793518073223.660156
26567660648303.386719
26242819305521.792969
28152681363166.441406
27958462661473.437500
25595804037775.617188
25965796040397.421875
25639975291506.542969
25494995317317.671875
25735960617362.121094
26619201269929.386719
28841709727608.820312
29316946935553.273438
27417151053931.308594
24258254683353.605469
21570908828898.453125
23011005034289.167969
23376363384038.183594
24041898188945.640625
25783966260362.839844
23800909268398.023438
21187876811578.089844
20206572368287.324219
21481591473971.152344
24038659092884.910156
22789743747648.644531
21135207749192.546875
21867648033709.675781
21547667910357.320312
20585804285082.601562
21862238452178.945312
23431298698936.492188
24540161418071.402344
22370055029898.871094
24239913572505.707031
27140192973461.675781
25849152192701.546875
26962020877407.523438
23796860563344.113281
22534424950678.953125
23158352853213.578125
25075746434185.609375
23403563989558.500000
24023973871773.835938
22438999295771.832031
25930247210703.605469
25611730484366.496094
23159457614326.355469
22640295444062.203125
22566489789932.140625
22490983521052.617188
20831096805789.863281
23477314971216.746094
25713330917208.554688
25411388655526.140625
26223225779109.492188
24072284418999.128906
25279696397379.984375
25411609331041.996094
23768001351244.523438
25750603330105.710938
27719276638521.265625
24919415164966.011719
24938347199351.796875
22726797451929.445312
25157000583837.234375
25009946762069.417969
24048574445115.214844
24267092637815.664062
23865576676600.804688
23060852239336.054688
22637942934063.078125
22443744049851.683594
21911183832289.695312
23721823819981.195312
26693012936192.363281
29294191727796.613281
29347868119370.722656
29102577858548.316406
26472895210059.750000
24083573735259.988281
24956205047830.628906
23349955281884.445312
24018146130498.464844
22677440439202.593750
23680455832487.644531
24887930519693.789062
25618162091335.082031
26171629097459.664062
23877516355886.820312
22628293910472.855469
21379259204761.636719
21299111282861.113281
22886749188413.210938
25045300474560.589844
25524347158012.910156
25989286206119.777344
25660789204201.878906
24602360269517.687500
24903770675910.847656
21785268802066.269531
24097778374950.273438
25200887974912.539062
25333040901271.281250
23372403368118.925781
24979730963843.691406
25863344621315.070312
24881380684323.160156
24277931661303.746094
22712489601958.328125
20414572422615.886719
20547791205951.585938
20361481790231.164062
22851087901521.339844
21544875534361.636719
22815488625474.320312
20897618156421.054688
22387529461002.449219
22852537488097.511719
20967770793461.203125
21961890276963.476562
19474271957747.121094
18751601079136.117188
17760774397888.031250
20688021571780.257812
21879694716663.785156
22987871315772.683594
22419657480597.503906
23721916585644.054688
21750600029478.960938
22519864223958.089844
24079979716841.546875
24447356328955.906250
26362114369335.546875
26109682699158.539062
24800458322275.515625
26236151946529.218750
27040363694167.183594
27127503334417.628906
25293954611886.175781
24096700540625.601562
26272022906609.882812
24152621978545.714844
24583613575927.660156
23400398103442.894531
23264885279112.828125
24648725640965.632812
23502787561382.402344
24578811442721.019531
26331896864227.714844
26302070158041.031250
25564053876511.828125
21628553058876.500000
22346360463180.355469
23373511461409.632812
24356063976505.488281
23308013477708.808594
23332230003186.800781
25304386439442.500000
25361753426420.253906
25162323485151.984375
27098745795169.980469
24709399712098.109375
25236127533443.085938
26938534163764.070312
26115883997500.207031
25726227116355.437500
25992318796242.812500
23296061244588.843750
23664857403879.097656
22004785113116.863281
22636876581647.648438
24087204926770.800781
24648106534377.230469
26091676411107.035156
25353555346551.046875
22734875594881.828125
21379008542276.902344
23131471039126.589844
19784871038091.062500
20935539914207.398438
22784952339332.570312
20797988608549.851562
20343006961653.746094
19090514818407.121094
23149484876545.136719
22383766656071.492188
21929405675471.375000
23636045594951.359375
23638562170331.058594
21795649470737.156250
22448024889483.226562
24880084109497.726562
25211848969107.878906
25308838564468.101562
26245954547910.726562
24123943626307.832031
23977410878554.160156
23728942671515.035156
24256833377999.746094
26954767486373.410156
27308821806205.031250
27548363079953.378906
26888473590302.878906
26242766389098.644531
22322257158426.582031
22513485045201.003906
20839947089911.660156
20045234229708.476562
21733863952076.710938
23334585421495.445312
24247300202758.394531
24587958093025.257812
28065611973230.292969
27114845328655.824219
27297700966398.230469
26370618275630.109375
25105540679519.082031
26761362165761.093750
24672325433061.308594
23684687027071.750000
23298994833718.562500
21149118485009.628906
21288134738518.285156
22264566023193.718750
21680835696944.046875
20527518053246.605469
19493746041921.957031
19648750602159.554688
20886488467442.039062
20731313514554.964844
22184998943023.289062
21481263235141.589844
23480740471872.281250
23003115292953.398438
24329450210386.007812
24235491740602.617188
23483231603794.468750
25006468553313.492188
24577401723792.074219
21468868182919.132812
20311559442508.027344
22873132321587.417969
24411069005419.980469
23145259116576.335938
23668727539190.695312
22798005040623.617188
21926480985957.640625
22106875398266.910156
21716902576461.500000
22631770619029.398438
22006480890776.667969
22512308138516.343750
20115575732248.480469
20646061091132.839844
20600992135106.789062
23219838642727.957031
22197711661101.011719
22723651989938.035156
25789926580881.449219
25786945831022.164062
25579337284815.351562
24613818479084.046875
25813087707894.355469
25913546167766.632812
25194180304871.437500
26124768606999.796875
26995113070252.375000
30432189597839.675781
26060903265030.148438
26305485583832.695312
26635370593429.714844
23727535314362.214844
22059925844361.085938
22194158089621.851562
21011789066163.664062
23054072887060.523438
22632397949924.070312
20387091065713.187500
18937105853783.226562
19587462894446.308594
19242798030657.945312
17939301801220.820312
20802713898790.937500
23784618256793.289062
22802422587339.355469
22067120537024.894531
21837114716676.167969
21321434544584.597656
22723786301675.746094
25464787250978.902344
23044259962398.667969
24174349066285.050781
25288300920240.734375
25038867651112.191406
25021729280283.699219
25198483721627.597656
27441066930175.777344
26608986506067.445312
27223835840999.089844
25909223293449.117188
24985564928947.683594
25988814490834.171875
26449848777499.496094
24516853641644.648438
23650051905928.257812
25115203234075.093750
25197239994842.863281
24481221379116.980469
25659568123006.003906
27531623268183.808594
24262715868340.203125
22130761541835.035156
22975170109142.421875
22374229528143.484375
22124171346943.003906
24707020323277.183594
26063668992099.285156
27019205242729.660156
24926937471383.078125
25835858502682.953125
26230563735528.839844
25679735974409.367188
21783441403695.332031
22850944481026.171875
23980073009204.359375
21120166341976.210938
21955380552060.515625
21056030809599.070312
21923892530139.664062
20426936251368.035156
21501178988309.082031
23132888112451.789062
21522568131928.042969
22678233277575.128906
23569231130763.195312
23605014187929.566406
23449377141361.125000
24528552696118.644531
24867107631960.515625
22290477216222.578125
22930402494909.925781
22624781801479.523438
26094907589195.066406
26690654563126.152344
27070343066162.445312
24922321637395.457031
21447551889115.800781
22781717326116.625000
21219249550675.640625
23149641501804.800781
24400366526771.964844
23188713585909.246094
21424529762569.796875
24611798884844.781250
24632840074424.968750
24243082268694.320312
25288715717547.039062
24560503929527.917969
25013477226260.214844
23143425833727.867188
22262740042385.101562
24248062434078.933594
23339615492704.648438
23257573033129.023438
25202791374397.039062
24695332850147.632812
24673363956872.878906
23310870835703.144531
23016650912292.816406
23468817989426.832031
23808893792603.632812
21190400047995.218750
21012135829312.378906
22679073532295.707031
23372934010854.757812
23723869700232.945312
24527837220861.742188
22257096318109.718750
22786784128135.957031
18577903574630.343750
18983197610639.683594
19440940419020.195312
20232690848892.906250
22431853023346.433594
23047758579231.605469
20790495413839.769531
22641271654732.554688
21495799726820.312500
22208054454605.269531
23773538316445.839844
23054067252826.375000
