1.818725
169418188464821.718750
150527232457315.500000
133742710369988.015625
118829744526012.500000
105579647257440.734375
93807000591215.250000
83347061564463.531250
74053456859817.906250
65796134500164.203125
58459543939436.601562
51941019082183.117188
46149341604352.421875
41003464470834.085938
36431377787031.906250
32369101113529.414062
28759788142595.312500
25552931207633.988281
22703654493720.160156
20172086058613.324219
17922799876498.000000
15924320096573.974609
14148680579236.488281
12571033546124.916016
11169301867603.929688
9923870121889.498047
8817310102592.621094
7834136933513.069336
6960592377825.841797
6184452309352.260742
5494855651725.259766
4882152391673.784180
4337768539568.806641
3854086147528.402344
3424336706090.488770
3042506427677.587891
2703252091418.204102
2401826271681.732422
2134010903997.456543
1896058258697.937500
1684638496289.867676
1496793070657.294189
1329893328035.428467
1181603722401.230713
1049849132527.642822
932785823346.177246
828775645259.263428
736363110355.630615
654255024739.407471
581302391954.367065
516484334264.595825
458893806791.039917
407724904591.649719
362261585064.056641
321867647855.610046
285977832062.258301
254089906133.369476
225757639790.650848
200584559612.771576
178218400902.520020
158346178198.073608
140689805446.234741
125002204547.789368
111063847819.181747
98679685986.399307
87676418722.796402
77900069535.057556
69213831061.484818
61496150629.752563
54639029284.570244
48546510482.013535
43133337301.749458
38323759386.754021
34050472915.000870
30253678769.578968
26880245727.335220
23882966956.173191
21219899416.512718
18853776922.641376
16751488650.716648
14883615795.541313
13224019892.527552
11749477043.580441
10439352928.775965
9275314055.696932
8241071205.923339
7322151488.520185
6505695810.627082
5780278931.028241
5135749578.802007
4563088399.295116
4054281740.040106
3602209509.957006
3200545542.922079
2843669071.249514
2526586070.291333
2244859373.625405
1994546580.491528
1772144887.098735
1574542069.427169
1398972931.651295
1242980610.763049
1104382196.015382
981238181.881929
871825327.148434
774612540.416381
688239454.495880
611497389.744839
543312440.248221
482730445.833595
428903639.858463
381078785.787094
338586636.675696
300832569.834205
267288265.937912
237484315.843866
211003651.839344
187475711.248489
166571251.011345
147997740.256896
131495266.678182
116832899.551350
103805457.988788
92230639.810591
81946470.388475
72809036.073049
64690470.330399
57477164.316754
51068177.148524
45373823.344328
40314417.811110
35819160.689523
31825146.687448
28276484.745661
25123515.959031
22322118.572818
19833090.681832
17621601.525585
15656704.214716
13910902.561509
12359766.301410
10981589.286380
9757085.722494
8669120.284787
7702468.299129
6843602.731894
6080504.871122
5402496.121301
4800088.647115
4264852.518147
3789297.817233
3366769.746544
2991355.618407
2657801.982965
2361441.189545
2098126.091127
1864171.881723
1656304.696873
1471615.707393
1307520.437436
1161722.582161
1032181.904973
917085.599366
814823.095040
723963.314843
643234.816786
571507.945617
507778.963931
451156.065176
400846.883734
356147.402595
316432.107729
281145.243000
249793.034567
221936.729949
197186.509411
175196.053424
155657.635977
138297.822930
122873.688184
109169.405684
96993.202450
86174.720452
76562.519559
68022.106690
60433.976296
53691.906100
47701.587154
42379.189097
37650.254784
33448.593872
29715.423487
26398.498635
23451.410362
20832.888759
18506.343847
16439.210873
14602.536462
12970.650626
11520.707273
10232.413439
9087.758484
8070.683114
7167.012797
6364.055494
5650.622356
5016.727774
4453.520997
3953.109153
3508.484234
3113.419182
2762.396322
2450.498180
2173.357360
1927.090936
1708.265244
1513.842563
1341.074014
1187.535356
1051.095901
929.862550
822.127296
726.379770
641.267647
565.658860
498.460729
438.728410
385.629354
338.446557
296.491015
259.224192
226.089699
196.656019
170.483755
147.220668
126.547816
108.193990
91.870641
77.360310
64.458506
52.990822
42.806088
33.790305
25.842417
18.908987
13.077188
8.606486
6.611713
7.849077
10.658896
13.724092
16.660831
19.401950
21.904566
24.176126
26.226370
28.077830
29.762015
31.281187
32.640639
33.856251
34.941377
35.888222
36.751044
37.521552
38.192265
38.792670
39.333328
39.812219
40.232225
40.596662
40.929403
41.216940
41.468274
41.679460
41.878953
42.033510
42.175032
42.288742
42.388232
42.463584
42.526770
42.562860
42.581172
42.584937
42.592446
42.569843
42.560761
42.528269
42.492677
42.446160
42.385196
42.340030
42.278597
42.210229
42.142972
42.069310
42.005564
41.932993
41.861107
41.803692
41.743279
41.701107
41.658081
41.613146
41.552171
41.505054
41.449022
41.406429
41.364574
41.338854
41.307614
41.266806
41.229346
41.200122
41.173080
41.152664
41.126078
41.113004
41.093138
41.085597
41.078642
41.076394
41.067740
41.072413
41.064990
41.066569
41.062828
41.070402
41.073867
41.069126
41.052075
41.049540
41.023542
41.018354
41.015411
41.023472
41.022492
41.013497
41.020194
41.009957
40.995753
40.984678
40.989222
40.973819
40.964285
40.964472
40.946326
40.952423
40.940504
40.928869
40.922433
40.922210
40.919494
40.917880
40.924528
40.927253
40.938164
40.942176
40.954330
40.964259
40.973698
41.001707
41.016852
41.024343
41.036296
41.035589
41.036955
41.042128
41.037294
41.044664
41.035706
41.037235
41.036432
41.051689
41.055546
41.057436
41.063387
41.067132
41.060576
41.074611
41.070811
41.076387
41.060397
41.040446
41.036842
41.013384
41.005438
40.992427
40.981560
40.971115
40.964311
40.960781
40.942761
40.932004
40.917551
40.896184
40.887032
40.880556
40.867503
40.871209
40.867651
40.878283
40.869552
40.879005
40.870108
40.872066
40.869165
40.864946
40.865099
40.863972
40.868507
40.871061
40.865626
40.860286
40.865928
40.851589
40.847234
40.846107
40.834003
40.819260
40.803624
40.791276
40.787140
40.770729
40.767622
40.762839
40.768124
40.768208
40.767447
40.775084
40.772680
40.782797
40.789459
40.797577
40.808544
40.804273
40.808882
40.806183
40.800862
40.790099
40.788928
40.782273
40.776116
40.768883
40.745260
40.735071
40.717039
40.689163
40.675585
40.673068
40.653127
40.663614
40.652830
40.654208
40.650396
40.664915
40.666649
40.678227
40.696115
40.718874
40.726453
40.731976
40.742671
40.753841
40.771184
40.786824
40.795356
40.805025
40.813504
40.820073
40.812556
40.811453
40.806132
40.801970
40.788837
40.777450
40.777638
40.777843
40.780021
40.792441
40.798790
40.808243
40.814153
40.812090
40.819968
40.823638
40.833722
40.835092
40.842770
40.838078
40.832967
40.833696
40.835806
40.835207
40.840321
40.852653
40.853657
40.861847
40.868575
40.879214
40.889267
40.901944
40.906964
40.933131
40.934807
40.949099
40.957305
40.968280
40.966052
40.970322
40.963046
40.972541
40.977185
40.985220
40.992004
40.986013
40.985423
40.978758
40.976629
40.976849
40.968593
40.977383
40.985014
41.001136
41.013850
41.021065
41.034033
41.041897
41.050265
41.067306
41.077054
41.082855
41.094584
41.083417
41.080550
41.075393
41.072655
41.069145
41.064188
41.052810
41.057587
41.062317
41.063496
41.073783
41.086656
41.090555
41.104973
41.117815
0.000000
