202230905226233.843750
173894505968985.156250
149528575626801.406250
128576775927399.640625
110560722180259.656250
95069060495984.203125
81748075495140.343750
70293614055873.101562
60444140698208.578125
51974766041206.007812
44692111986930.164062
38429896389889.742188
33045136398332.582031
28414883779694.140625
24433417689093.441406
21009830784397.828125
18065953572515.066406
15534569594279.798828
13357880695910.937500
11486187345151.376953
9876753860236.408203
8492832641883.855469
7302825128956.023438
6279560320204.513672
5399674388851.776367
4643077224978.736328
3992493725478.246582
3433069358017.437500
2952030992997.116211
2538395259409.521973
2182717765591.904541
1876877458926.065918
1613891200848.634766
1387754323431.962646
1193303527023.026611
1026098988532.829102
882322988598.517456
758692743009.651245
652385448111.039062
560973828771.184937
482370717307.355286
414781397958.085144
356662628802.243591
306687405487.231934
263714662229.546326
226763218282.012360
194989374996.754883
167667651966.111420
144174222396.961090
123972669504.370758
106601738705.582886
91664805964.780060
78820821823.238968
67776524343.252144
58279743166.754410
50113641802.881653
43091766680.613411
37053789923.317497
31861848641.713699
27397397161.486057
23558500313.804180
20257505987.302784
17419043799.882507
14978304194.635626
12879558667.192369
11074887337.455313
9523084812.655294
8188719359.912212
7041323906.538301
6054700396.681314
5206321620.785978
4476816860.176323
3849529602.523278
3310137229.988451
2846323996.099197
2447499824.887719
2104558511.619091
1809669804.179005
1556100617.819577
1338061301.123829
1150573443.038834
989356202.674246
850728566.430830
731525300.787930
629024681.677460
540886350.385195
465097877.002792
399928811.363463
343891172.309687
295705473.151375
254271507.660941
218643229.416479
188007151.142894
161663770.587154
139011599.087925
119533427.988953
102784519.427167
88382451.767804
75998387.936330
65349567.164534
56192848.888962
48319161.143393
41548726.911387
35726959.393468
30720932.320728
26416344.937466
22714912.194420
19532120.618746
16795298.722008
14441957.675341
12418364.495410
10678315.253851
9182080.044694
7895495.848161
6789186.594255
5837892.324858
5019892.482058
4316509.986257
3711684.781215
3191607.099050
2744402.199149
2359859.208052
2029198.019048
1744868.753051
1500379.425339
1290147.710951
1109373.466681
953929.125494
820265.496487
705330.684028
606500.426445
521518.165290
448443.553212
385608.076788
331577.055013
285116.801536
245166.512427
210814.015330
181274.951093
155874.875270
134033.831423
115253.131018
99103.971756
85217.611372
73277.000747
63009.493816
54180.662117
46588.922460
40060.929899
34447.625010
29620.866428
25470.423356
21901.532489
18832.711517
16193.902956
13924.818384
11973.682515
10295.934091
8853.277178
7612.774108
6546.075798
5628.851839
4840.147034
4161.942493
3578.782375
3077.327807
2646.141922
2275.370484
1956.546758
1682.393518
1446.662350
1243.962239
1069.654285
919.769743
790.888731
680.072391
584.781915
502.840419
432.365767
371.795303
319.693793
274.894088
236.385386
203.274193
174.789847
150.304969
129.242421
111.138603
95.557941
82.168184
70.657544
60.754484
52.246803
44.928994
38.634716
33.237425
28.582432
24.582074
21.136391
18.178973
15.639009
13.437070
11.566845
9.937370
8.555268
7.357783
6.321907
5.444394
4.688765
4.025235
3.463945
2.968949
2.566855
2.208540
1.908805
1.638805
1.422145
1.244678
1.083823
0.957040
0.824162
0.702985
0.583846
0.501254
0.454772
0.440678
0.432076
0.431481
0.427784
0.431399
0.426459
0.430546
0.428189
0.429714
0.427327
0.431413
0.426477
0.430557
0.428189
0.429714
0.427327
0.431413
0.426477
0.430557
0.428189
0.429714
0.427327
0.431413
0.426477
0.430557
0.428189
0.429714
0.427327
0.431413
0.426477
0.430557
0.428189
0.429714
0.427327
0.431413
0.426477
0.430557
0.428189
0.429714
0.427327
0.431413
0.426477
0.430557
0.428189
0.429714
0.427327
0.431413
0.426477
0.430557
0.428189
0.429714
0.427327
0.431413
0.426477
0.430557
0.428189
0.429714
0.427327
0.431413
0.426477
0.430557
0.428189
0.429714
0.427327
0.431413
0.426477
0.430557
0.428189
0.429714
0.427327
0.431413
0.426477
0.430557
0.428189
0.429714
0.427327
0.431413
0.426477
0.430557
0.428189
0.429714
0.427327
0.431413
0.426477
0.430557
0.428189
0.429714
0.427327
0.431413
0.426477
0.430557
0.428189
0.429714
0.427327
0.431413
0.426477
0.430557
0.428189
0.429714
0.427327
0.431413
0.426477
0.430557
0.428189
0.429714
0.427327
0.431413
0.426477
0.430557
0.428189
0.429714
0.427327
0.431413
0.426477
0.430557
0.428189
0.429714
0.427327
0.431413
0.426477
0.430557
0.428189
0.429714
0.427327
0.431413
0.426477
0.430557
0.428189
0.429714
0.427327
0.431413
0.426477
0.430557
0.428189
0.429714
0.427327
0.431413
0.426477
0.430557
0.428189
0.429714
0.427327
0.431413
0.426477
0.430557
0.428189
0.429714
0.427327
0.431413
0.426477
0.430557
0.428189
0.429714
0.427327
0.431413
0.426477
0.430557
0.428189
0.429714
0.427327
0.431413
0.426477
0.430557
0.428189
0.429714
0.427327
0.431413
0.426477
0.430557
0.428189
0.429714
0.427327
0.431413
0.426477
0.430557
0.428189
0.429714
0.427327
0.431413
0.426477
0.430557
0.428189
0.429714
0.427327
0.431413
0.426477
0.430557
0.428189
0.429714
0.427327
0.431413
0.426477
0.430557
0.428189
0.429714
0.427327
0.431413
0.426477
0.430557
0.428189
0.429714
0.427327
0.431413
0.426477
0.430557
0.428189
0.429714
0.427327
0.431413
0.426477
0.430557
0.428189
0.429714
0.427327
0.431413
0.426477
0.430557
0.428189
0.429714
0.427327
0.431413
0.426477
0.430557
0.428189
0.429714
0.427327
0.431413
0.426477
0.430557
0.428189
0.429714
0.427327
0.431413
0.426477
0.430557
0.428189
0.429714
0.427327
0.431413
0.426477
0.430557
0.428189
0.429714
0.427327
0.431413
0.426477
0.430557
0.428189
0.429714
0.427327
0.431413
0.426477
0.430557
0.428189
0.429714
0.427327
0.431413
0.426477
0.430557
0.428189
0.429714
0.427327
0.431413
0.426477
0.430557
0.428189
0.429714
0.427327
0.431413
0.426477
0.430557
0.428189
0.429714
0.427327
0.431413
0.426477
0.430557
0.428189
0.429714
0.427327
0.431413
0.426477
0.430557
0.428189
0.429714
0.427327
0.431413
0.426477
0.430557
0.428189
0.429714
0.427327
0.431413
0.426477
0.430557
0.428189
0.429714
0.427327
0.431413
0.426477
0.430557
0.428189
0.429714
0.427327
0.431413
0.426477
0.430557
0.428189
0.429714
0.427327
0.431413
0.426477
0.430557
0.428189
0.429714
0.427327
0.431413
0.426477
0.430557
0.428189
0.429714
0.427327
0.431413
0.426477
0.430557
