1.531069
153106874646251.125000
98518372767818.531250
63392775766888.156250
40790807912569.101562
26247312726590.042969
16889134111882.464844
10867506857575.763672
6992821805847.661133
4499611313725.644531
2895326455720.270996
1863030982170.101074
1198788631820.253906
771374280693.735229
496349619208.841064
319381849583.136841
205509910546.081238
132237706644.307678
85089867501.282654
54752050191.527061
35230834037.220200
22669683831.436897
14587067807.679630
9386215917.759277
6039668178.584100
3886293691.561522
2500680204.839370
1609091330.654584
1035388253.890167
666232435.752089
428694894.865605
275848642.519092
177497970.182615
114213103.201835
73491730.432321
47289096.585492
30428711.622079
19579703.743438
12598785.338356
8106833.433770
5216435.522116
3356575.875130
2159827.911161
1389766.733879
894262.068834
575423.931228
370263.895206
238251.347858
153306.368911
98647.553914
63476.742325
40845.698800
26283.525304
16913.330296
10884.002016
7004.363765
4508.005518
2901.708560
1868.120938
1203.078492
775.151446
499.811743
322.665875
208.686335
135.377850
88.191130
57.862381
38.359647
25.818224
17.781627
12.628484
9.317999
7.214342
5.885152
5.035938
4.512836
4.190999
4.007577
3.912990
3.886055
3.889344
3.916435
3.966591
4.025695
4.082690
4.138487
4.195298
4.251307
4.309907
4.365702
4.413463
4.471104
4.505372
4.545333
4.587073
4.617867
4.656900
4.686502
4.714379
4.733331
4.774531
4.804432
4.833024
4.869620
4.889295
4.887910
4.904303
4.923780
4.924263
4.946622
4.967709
4.981618
4.999170
5.000217
5.017681
5.029101
5.029715
5.031139
5.060082
5.057309
5.070614
5.071964
5.075491
5.080320
5.094662
5.103290
5.100156
5.111223
5.106922
5.121131
5.121736
5.135218
5.135607
5.134588
5.139517
5.134182
5.134868
5.135266
5.140372
5.146819
5.143994
5.139273
5.138871
5.135831
5.144246
5.149184
5.159514
5.167444
5.172067
5.172972
5.177732
5.167711
5.175520
5.172384
5.170791
5.168700
5.174993
5.180594
5.186756
5.178144
5.185668
5.175181
5.180003
5.178675
5.179894
5.177729
5.181785
5.183166
5.171081
5.180930
5.200960
5.196141
5.199380
5.200685
5.189197
5.194163
5.179254
5.174557
5.176741
5.162882
5.174610
5.168219
5.179490
5.174285
5.171413
5.175440
5.179252
5.173106
5.170172
5.178480
5.175540
5.161883
5.162069
5.162481
5.166885
5.156322
5.164803
5.157685
5.160431
5.160269
5.158088
5.157176
5.146959
5.143834
5.148184
5.127145
5.125389
5.135034
5.127443
5.139607
5.143864
5.142225
5.140272
5.146956
5.152410
5.152110
5.153680
5.152580
5.150548
5.138007
5.160806
5.154600
5.143864
5.144218
5.163133
5.153555
5.147768
5.158865
5.148335
5.142545
5.155040
5.155531
5.159697
5.147856
5.153317
5.141884
5.150300
5.155261
5.158820
5.160949
5.159607
5.145851
5.149258
5.155871
5.138908
5.142688
5.156916
5.150546
5.149158
5.153079
5.149604
5.157540
5.164653
5.153921
5.162348
5.164179
5.151671
5.153260
5.159173
5.145556
5.162236
5.164402
5.163139
5.166635
5.169872
5.159576
5.155023
5.175875
5.177210
5.169781
5.171072
5.168175
5.164754
5.169492
5.165863
5.160671
5.162880
5.163734
5.178430
5.179083
5.171063
5.156607
5.163407
5.175020
5.174975
5.174641
5.178458
5.186448
5.190102
5.189401
5.185792
5.199661
5.191542
5.195950
5.200632
5.188913
5.197504
5.194831
5.184554
5.189870
5.193168
5.186038
5.183108
5.182003
5.194138
5.199909
5.193389
5.193060
5.199637
5.204029
5.203049
5.194264
5.187114
5.182594
5.185965
5.190152
5.188559
5.204911
5.200153
5.190751
5.192670
5.205217
5.203290
5.205067
5.195672
5.209387
5.211196
5.197650
5.198561
5.207495
5.217850
5.212160
5.212847
5.219534
5.226023
5.221280
5.214093
5.207559
5.206463
5.189773
5.190453
5.187347
5.194754
5.182649
5.192845
5.208660
5.194824
5.190682
5.191736
5.198784
5.189640
5.191648
5.209566
5.206251
5.214744
5.203812
5.214624
5.216397
5.205798
5.192621
5.195725
5.193855
5.190664
5.184930
5.184365
5.172359
5.179067
5.171452
5.164264
5.160053
5.154654
5.132949
5.140381
5.144920
5.149061
5.152301
5.159243
5.165906
5.167019
5.154189
5.166554
5.168835
5.171438
5.173760
5.164433
5.180689
5.171754
5.167843
5.175883
5.179364
5.187945
5.181249
5.180693
5.179404
5.186358
5.194490
5.185152
5.183360
5.188310
5.184285
5.189894
5.178362
5.191228
5.195035
5.174525
5.180746
5.171785
5.171807
5.161791
5.175736
5.188571
5.180216
5.178050
5.179681
5.179443
5.190552
5.177947
5.193914
5.179659
5.182683
5.191670
5.181178
5.188631
5.202179
5.209278
5.194705
5.197842
5.199214
5.211378
5.211308
5.214170
5.211095
5.230878
5.234107
5.231650
5.238793
5.238157
5.230013
5.223442
5.219991
5.210567
5.215161
5.214027
5.202269
5.203610
5.192508
5.182349
5.190277
5.197794
5.197997
5.191759
5.195763
5.194004
5.195408
5.204858
5.204289
5.199213
5.189576
5.180842
5.172937
5.170334
5.165796
5.160797
5.141679
5.149013
5.121867
5.117459
5.112154
5.110584
5.110411
5.114612
5.106375
5.115414
5.118636
5.120341
5.118832
5.129920
5.130452
5.125614
5.132368
5.129525
5.124242
5.117864
5.109185
5.110045
5.102069
5.098814
5.094525
5.096182
5.092259
5.095454
5.089823
5.087729
5.082390
5.080214
5.078200
5.078908
5.077714
5.077587
5.077006
5.080616
5.084549
5.087082
5.086857
5.091250
5.091104
5.094749
5.094298
5.094696
5.095398
5.098602
5.098612
5.103222
5.103306
5.106019
5.106028
5.109316
5.110025
5.110016
5.110025
5.114037
5.114045
5.113491
5.112864
5.112856
5.113410
5.113401
5.113410
5.113401
5.113410
5.112856
5.112864
5.112856
5.112864
5.112856
5.112864
5.112159
5.112168
5.111086
5.111095
5.111086
5.110567
5.110559
5.110567
5.108662
5.108671
5.108146
5.108155
0.000000
0.000000
