1.873476
173559571100316.625000
148953122109737.000000
127835258208919.062500
109711384426716.531250
94157027110279.500000
80807892458669.968750
69351334510210.664062
59519032757933.375000
51080707897818.125000
43838728528303.031250
37623482486238.953125
32289404412777.167969
27711566512037.035156
23782752655765.160156
20410947307493.996094
17517180455068.406250
15033678078369.593750
12902274834912.447266
11073051787315.361328
9503167267278.193359
8155853494094.627930
6999555447810.863281
6007191828844.492188
5155520795227.307617
4424595622599.473633
3797297538136.082520
3258934787053.481445
2796898541555.985352
2400367593372.566406
2060054913578.485840
1767990143957.886719
1517332925704.527588
1302212693489.854980
1117591182764.670410
959144430120.627075
823161503078.007202
706457587481.685791
606299396952.069580
520341157428.471619
446569667519.077576
383257147932.692810
328920775693.221313
282287955400.597839
242266514166.680634
207919122171.344025
178441339749.989105
153142776860.620331
131430923671.682571
112797273572.270752
96805413595.814194
83080803326.630127
71302002904.496704
61193144680.959770
52517472208.294365
45071795239.769348
38681730873.654396
33197619385.072517
28491019091.903114
24451698161.644413
20985052905.757919
18009892095.879272
15456535409.142859
13265181466.833626
11384507244.800495
9770466052.664936
8385255929.941228
7196434297.923481
6176158132.226021
5300531859.725197
4549047707.809064
3904105398.166560
3350599936.046507
2875567840.890611
2467883532.676085
2117998763.079002
1817718988.914844
1560011450.280662
1338840458.492996
1149026036.031645
986122597.889139
846314832.955459
726328346.736937
623352972.792579
534976956.662439
459130470.978719
394037138.623123
338172428.726479
290227951.160893
249080813.156701
213767320.300710
183460406.157372
157450261.863687
135127711.866335
115969946.598471
99528277.971681
85417630.764770
73307523.865745
62914330.203161
53994634.002455
46339529.789917
39769729.770388
34131364.666770
29292380.073912
25139443.608669
21575290.654536
18516446.298067
15891270.305061
13638279.243043
11704706.467233
10045266.413125
8621093.863617
7398833.680171
6349859.710161
5449604.218097
4676982.651262
4013899.666949
3444825.396004
2956431.738754
2537280.183135
2177553.915811
1868827.905110
1603871.570413
1376479.448928
1181325.886573
1013840.232052
870099.893215
746738.330683
640866.388318
550004.419325
472024.409788
405100.022621
347663.827200
298370.656195
256066.007333
219759.106049
188599.607281
161857.740627
138907.181698
119210.445501
102306.169678
87798.476300
75347.582415
64661.911689
55491.172334
47620.597702
40865.860278
35068.776062
30093.561496
25823.685605
22159.167864
19014.141520
16314.988934
13998.461710
12010.352616
10304.097898
8839.724806
7582.933068
6504.318616
5578.591918
4784.103103
4102.208825
3516.971708
3014.665040
2583.566257
2213.587387
1896.046398
1623.490109
1389.534252
1188.704406
1016.325002
868.354312
741.349225
632.303334
538.703071
458.333455
389.324855
330.095880
279.234204
235.566359
198.066476
165.879481
138.240937
114.509194
94.131784
76.635999
61.613069
48.713794
37.663274
28.198239
20.111748
13.257353
7.656770
4.187366
5.131216
8.171086
11.240783
13.997508
16.421998
18.527356
20.382362
21.990860
23.392485
24.626281
25.713671
26.679252
27.522672
28.285897
28.954009
29.555725
30.097761
30.572193
31.014386
31.410466
31.788114
32.111954
32.411290
32.693755
32.941087
33.172221
33.357011
33.551365
33.697494
33.844306
33.963501
34.082451
34.184738
34.273765
34.358447
34.420735
34.489171
34.534306
34.585816
34.630241
34.663261
34.686033
34.715479
34.738170
34.754666
34.767043
34.774342
34.783310
34.785130
34.792509
34.787535
34.793167
34.785891
34.781252
34.784085
34.766201
34.757718
34.746709
34.738600
34.716616
34.697609
34.680121
34.658845
34.631223
34.622669
34.611921
34.586904
34.576192
34.569509
34.564826
34.556736
34.554909
34.536563
34.533660
34.523388
34.518932
34.509637
34.506912
34.510757
34.497667
34.520741
34.523563
34.527199
34.527083
34.525655
34.521917
34.524176
34.531666
34.534469
34.523578
34.537085
34.554664
34.538787
34.536518
34.519200
34.519413
34.509685
34.512402
34.501557
34.496692
34.485152
34.469167
34.457028
34.444892
34.442533
34.430076
34.415752
34.417159
34.401644
34.384648
34.365920
34.372691
34.344773
34.345527
34.337456
34.333221
34.326136
34.322658
34.322167
34.331157
34.328968
34.329629
34.331694
34.329381
34.337262
34.353534
34.358952
34.374126
34.393108
34.401788
34.415049
34.436327
34.460065
34.467200
34.477948
34.497951
34.513088
34.516717
34.519812
34.531878
34.533881
34.543342
34.559719
34.561493
34.570351
34.573762
34.559952
34.559003
34.547952
34.537829
34.532260
34.518753
34.515518
34.502504
34.497946
34.495735
34.484761
34.481717
34.471015
34.467328
34.455745
34.452590
34.442931
34.435689
34.436029
34.437503
34.431305
34.426141
34.429041
34.431665
34.441981
34.442615
34.442122
34.455609
34.445650
34.447631
34.458114
34.460202
34.464916
34.485751
34.498478
34.504285
34.506676
34.507161
34.513805
34.528308
34.530211
34.545026
34.560217
34.570101
34.583383
34.598096
34.603510
34.604860
34.597549
34.577009
34.578590
34.567868
34.562651
34.555530
34.547044
34.541851
34.531294
34.524654
34.532068
34.509709
34.507592
34.482670
34.471414
34.473270
34.482948
34.481135
34.485876
34.491825
34.481880
34.480669
34.474011
34.467368
34.460065
34.439420
34.410115
34.397545
34.371379
34.365489
34.345818
34.333253
34.316344
34.304427
34.277612
34.255359
34.228228
34.212575
34.184767
34.174254
34.155315
34.142430
34.141682
34.148812
34.152871
34.158843
34.166748
34.181242
34.196641
34.211072
34.244787
34.275858
34.307054
34.337050
34.377159
34.409935
34.447044
34.478749
34.510683
34.548403
34.581862
34.609983
34.640272
34.671137
34.697957
34.731973
34.753199
34.776152
34.789426
34.802749
34.809327
34.817483
34.823881
34.820075
34.809106
34.802664
34.806049
34.806058
34.810636
34.808234
34.814775
34.814283
34.820452
34.819248
34.826466
34.828293
34.833331
34.839644
34.845662
34.849495
34.852395
34.862496
34.871674
34.878384
34.890796
34.901584
34.914855
34.927058
34.945135
34.964183
34.980838
34.997914
35.016312
35.036477
35.049649
35.066904
35.080656
35.098638
35.114782
35.127968
35.143553
35.156344
35.166970
35.178511
35.190943
35.204708
35.215106
35.229604
35.250208
35.274062
35.283198
35.301041
35.325768
35.338609
35.354921
35.375006
35.396477
35.413568
35.431206
35.445782
35.466717
35.476338
35.491972
35.501045
35.515131
35.528175
35.543137
35.557171
35.564268
35.580987
35.596016
35.616085
35.629679
35.653355
35.677862
35.706273
35.729203
35.759966
35.791059
35.817174
35.837368
35.868611
35.885635
35.907633
35.925170
35.946359
35.962250
35.983403
35.994474
36.010609
36.021923
0.000000
